















2.9802322387695312e-08
5.960464477539063e-08,5.960464477539063e-08,5.960464477539063e-08,5.960464477539063e-08,5.960464477539063e-08,5.960464477539063e-08,1.1920928955078125e-07,5.960464477539063e-08,5.960464477539063e-08,5.960464477539063e-08,1.1920928955078125e-07,5.960464477539063e-08,1.1920928955078125e-07,5.960464477539063e-08
2.9802322387695312e-08,2.9802322387695312e-08
2.9802322387695312e-08,2.9802322387695312e-08,2.9802322387695312e-08,5.960464477539063e-08
5.960464477539063e-08,5.960464477539063e-08
5.960464477539063e-08,1.7881393432617188e-07,5.960464477539063e-08,5.960464477539063e-08,5.960464477539063e-08,1.1920928955078125e-07,5.960464477539063e-08,1.1920928955078125e-07,5.960464477539063e-08

