
















1.1920928955078125e-07,5.960464477539063e-08,3.5762786865234375e-07,1.1920928955078125e-07,3.5762786865234375e-07,2.980232238769531e-07,5.960464477539063e-08,1.430511474609375e-06,6.020069122314453e-06,1.4901161193847656e-06,1.2040138244628906e-05,1.2040138244628906e-05,8.821487426757812e-06,1.6689300537109375e-05,1.71661376953125e-05,1.0728836059570312e-06,1.2278556823730469e-05,1.4424324035644531e-05,8.821487426757812e-06,2.288818359375e-05,2.0802021026611328e-05

2.1725893020629883e-05,2.181529998779297e-05,8.344650268554688e-07,2.524256706237793e-05,7.238984107971191e-05,4.351139068603516e-06,2.086162567138672e-07,3.650784492492676e-05,0.00023040175437927246,2.8014183044433594e-06,1.1920928955078125e-07,8.472800254821777e-05,0.00026348233222961426,1.4603137969970703e-06,1.1920928955078125e-07,8.469820022583008e-05,0.0002206563949584961,2.086162567138672e-07,5.751848220825195e-06,1.633167266845703e-05,1.4007091522216797e-06

5.960464477539063e-08,5.960464477539063e-08,5.960464477539063e-08,5.960464477539063e-08

