















1.0360963642597198e-08,1.234002411365509e-08,1.525040715932846e-08,3.6088749766349792e-09,8.149072527885437e-10,4.0512531995773315e-08,5.098991096019745e-08,6.366753950715065e-07,6.41215592622757e-07,2.4668406695127487e-07,6.624031811952591e-08,3.725290298461914e-09,1.6065314412117004e-08,7.869675755500793e-08,5.941838026046753e-07,1.2312084436416626e-06,2.211309038102627e-06,1.6798730939626694e-06,4.306202754378319e-07,4.621688276529312e-08,2.8172507882118225e-08,4.842877388000488e-08,3.176974132657051e-07,1.1740485206246376e-06,2.682092599570751e-06,4.263361915946007e-06,4.578381776809692e-06,2.2944295778870583e-06,2.6437919586896896e-07,2.828892320394516e-08,4.4354237616062164e-08,1.7508864402770996e-07,5.944166332483292e-07,5.51808625459671e-07,1.101987436413765e-06,1.069623976945877e-06,4.523899406194687e-07,1.414446160197258e-07,2.8172507882118225e-08,8.614733815193176e-09,9.557697921991348e-08,9.580980986356735e-08,4.7963112592697144e-08,4.807952791452408e-08,4.237517714500427e-08,7.753260433673859e-08,5.413312464952469e-08,8.149072527885437e-10,5.820766091346741e-10,3.725290298461914e-09,8.149072527885437e-10






