0:[]
1:[]
2:[]
3:[]
4:[]
5:[]
6:[]
7:[4.76837158203125e-07, 4.76837158203125e-07, 4.76837158203125e-07, 9.5367431640625e-07, 4.76837158203125e-07, 4.76837158203125e-07, 4.76837158203125e-07, 4.76837158203125e-07]
8:[]
9:[4.76837158203125e-07, 4.76837158203125e-07, 4.76837158203125e-07, 4.76837158203125e-07, 4.76837158203125e-07, 4.76837158203125e-07, 4.76837158203125e-07, 9.5367431640625e-07, 4.76837158203125e-07, 1.430511474609375e-06, 4.76837158203125e-07, 1.430511474609375e-06, 4.76837158203125e-07, 1.430511474609375e-06, 2.384185791015625e-06, 9.5367431640625e-07, 1.9073486328125e-06, 3.814697265625e-06, 1.430511474609375e-06, 2.86102294921875e-06, 2.86102294921875e-06, 4.76837158203125e-07, 5.7220458984375e-06, 3.337860107421875e-06, 1.9073486328125e-06, 4.76837158203125e-07, 2.384185791015625e-06, 3.337860107421875e-06, 4.76837158203125e-07, 1.9073486328125e-06, 4.291534423828125e-06, 4.76837158203125e-07, 4.76837158203125e-07, 4.76837158203125e-07, 4.76837158203125e-07, 2.86102294921875e-06, 2.86102294921875e-06, 1.430511474609375e-06, 4.76837158203125e-07, 4.76837158203125e-07, 2.86102294921875e-06, 2.86102294921875e-06, 2.384185791015625e-06, 4.76837158203125e-07, 2.384185791015625e-06, 2.384185791015625e-06, 9.5367431640625e-07, 4.76837158203125e-07, 4.76837158203125e-07]
10:[4.76837158203125e-07, 3.337860107421875e-06, 5.7220458984375e-06, 4.291534423828125e-06, 5.7220458984375e-06, 2.86102294921875e-06, 5.7220458984375e-06, 6.67572021484375e-06, 9.5367431640625e-07, 4.291534423828125e-06, 5.245208740234375e-06, 4.76837158203125e-06, 4.76837158203125e-07, 1.9073486328125e-06, 4.76837158203125e-07, 9.5367431640625e-07, 9.5367431640625e-07, 9.5367431640625e-07, 4.76837158203125e-07, 4.76837158203125e-07, 1.430511474609375e-06, 4.76837158203125e-07, 4.76837158203125e-07, 4.76837158203125e-07, 4.76837158203125e-07, 4.76837158203125e-07, 1.430511474609375e-06, 9.5367431640625e-07, 1.9073486328125e-06, 4.76837158203125e-07, 4.76837158203125e-07, 4.76837158203125e-07, 1.9073486328125e-06, 4.76837158203125e-07, 1.430511474609375e-06, 1.9073486328125e-06, 4.76837158203125e-07, 1.430511474609375e-06, 1.430511474609375e-06, 4.76837158203125e-07, 4.76837158203125e-07, 2.384185791015625e-06, 9.5367431640625e-07, 9.5367431640625e-07, 2.384185791015625e-06, 4.76837158203125e-07, 4.76837158203125e-07, 1.430511474609375e-06, 9.5367431640625e-07, 9.5367431640625e-07, 1.430511474609375e-06, 4.76837158203125e-07, 9.5367431640625e-07, 1.430511474609375e-06, 9.5367431640625e-07, 4.76837158203125e-07, 4.76837158203125e-07, 4.76837158203125e-07, 4.76837158203125e-07, 4.76837158203125e-07, 9.5367431640625e-07, 4.76837158203125e-07, 9.5367431640625e-07, 4.76837158203125e-07, 4.76837158203125e-07, 4.76837158203125e-07, 1.9073486328125e-06, 4.76837158203125e-07, 4.76837158203125e-07, 4.76837158203125e-07, 4.76837158203125e-07]
11:[1.9073486328125e-06, 5.7220458984375e-06, 1.9073486328125e-06, 1.9073486328125e-06, 1.9073486328125e-06, 9.5367431640625e-07, 1.9073486328125e-06, 9.5367431640625e-07, 9.5367431640625e-07, 9.5367431640625e-07, 9.5367431640625e-07, 9.5367431640625e-07, 9.5367431640625e-07, 9.5367431640625e-07, 9.5367431640625e-07, 9.5367431640625e-07, 9.5367431640625e-07, 9.5367431640625e-07, 9.5367431640625e-07, 9.5367431640625e-07, 9.5367431640625e-07, 9.5367431640625e-07, 9.5367431640625e-07, 9.5367431640625e-07, 9.5367431640625e-07, 9.5367431640625e-07, 9.5367431640625e-07, 9.5367431640625e-07, 1.9073486328125e-06]
12:[9.5367431640625e-07, 9.5367431640625e-07, 9.5367431640625e-07, 9.5367431640625e-07, 9.5367431640625e-07, 9.5367431640625e-07, 9.5367431640625e-07, 9.5367431640625e-07, 9.5367431640625e-07, 9.5367431640625e-07]
13:[4.76837158203125e-07, 4.76837158203125e-07, 4.76837158203125e-07, 4.76837158203125e-07, 4.76837158203125e-07, 4.76837158203125e-07, 4.76837158203125e-07, 4.76837158203125e-07, 9.5367431640625e-07, 4.76837158203125e-07, 4.76837158203125e-07, 1.9073486328125e-06, 1.430511474609375e-06, 1.430511474609375e-06, 1.430511474609375e-06, 4.76837158203125e-07, 4.76837158203125e-07, 4.76837158203125e-07, 1.9073486328125e-06, 1.9073486328125e-06, 1.430511474609375e-06, 1.430511474609375e-06, 4.76837158203125e-07, 1.430511474609375e-06, 1.9073486328125e-06, 1.430511474609375e-06, 9.5367431640625e-07, 4.76837158203125e-07, 4.76837158203125e-07, 4.76837158203125e-07, 9.5367431640625e-07, 1.9073486328125e-06, 4.76837158203125e-07, 4.76837158203125e-07, 4.76837158203125e-07, 4.76837158203125e-07, 4.76837158203125e-07, 4.76837158203125e-07, 9.5367431640625e-07, 1.430511474609375e-06, 9.5367431640625e-07, 4.76837158203125e-07, 4.76837158203125e-07, 1.430511474609375e-06, 1.9073486328125e-06, 1.430511474609375e-06, 9.5367431640625e-07, 4.76837158203125e-07, 4.76837158203125e-07, 9.5367431640625e-07, 9.5367431640625e-07, 9.5367431640625e-07]
14:[4.76837158203125e-07, 4.76837158203125e-07, 4.76837158203125e-07, 9.5367431640625e-07, 4.76837158203125e-07, 4.76837158203125e-07, 4.76837158203125e-07, 4.76837158203125e-07, 4.76837158203125e-07, 4.76837158203125e-07, 2.384185791015625e-06, 4.76837158203125e-07, 1.9073486328125e-06, 1.430511474609375e-06, 4.76837158203125e-07, 4.76837158203125e-07, 4.76837158203125e-07, 4.76837158203125e-07, 9.5367431640625e-07, 9.5367431640625e-07, 4.76837158203125e-07, 4.76837158203125e-07, 9.5367431640625e-07, 9.5367431640625e-07, 1.430511474609375e-06, 3.814697265625e-06, 1.430511474609375e-06, 1.430511474609375e-06, 4.76837158203125e-07]
15:[7.62939453125e-06, 1.9073486328125e-06, 1.049041748046875e-05, 5.7220458984375e-06, 1.9073486328125e-06, 1.1444091796875e-05, 1.9073486328125e-06, 9.5367431640625e-07, 9.5367431640625e-07, 9.5367431640625e-07, 9.5367431640625e-07, 9.5367431640625e-07]
16:[8.106231689453125e-06, 8.58306884765625e-06, 1.9073486328125e-06, 1.9073486328125e-06, 2.384185791015625e-06, 1.9073486328125e-06, 1.5735626220703125e-05, 2.5272369384765625e-05, 7.152557373046875e-06, 7.62939453125e-06, 1.0013580322265625e-05, 1.430511474609375e-06, 2.193450927734375e-05, 4.57763671875e-05, 4.291534423828125e-05, 9.5367431640625e-06, 1.430511474609375e-06, 1.430511474609375e-06, 1.9073486328125e-06, 2.384185791015625e-06, 1.9073486328125e-06, 2.4318695068359375e-05, 2.4318695068359375e-05, 4.76837158203125e-07, 7.62939453125e-06, 1.1444091796875e-05, 2.86102294921875e-06, 1.0967254638671875e-05, 7.62939453125e-06, 4.291534423828125e-06, 1.430511474609375e-06, 1.430511474609375e-06, 1.9073486328125e-06, 1.430511474609375e-06, 1.430511474609375e-06, 8.106231689453125e-06, 2.384185791015625e-05, 2.002716064453125e-05, 1.9073486328125e-06, 2.86102294921875e-06, 1.0013580322265625e-05, 1.049041748046875e-05, 8.106231689453125e-06, 2.384185791015625e-06, 4.76837158203125e-06, 1.239776611328125e-05, 2.86102294921875e-06, 1.6689300537109375e-05, 3.8623809814453125e-05, 3.2901763916015625e-05, 3.6716461181640625e-05, 1.049041748046875e-05, 2.384185791015625e-06, 6.818771362304688e-05, 8.106231689453125e-05, 4.00543212890625e-05, 5.14984130859375e-05, 4.3392181396484375e-05, 3.719329833984375e-05, 2.47955322265625e-05, 7.62939453125e-06, 0.00014925003051757812, 0.0001087188720703125, 5.1021575927734375e-05, 2.6226043701171875e-05, 2.3365020751953125e-05, 1.9073486328125e-06, 0.0002593994140625, 0.00012445449829101562, 3.8623809814453125e-05, 3.147125244140625e-05, 4.76837158203125e-07, 4.76837158203125e-07, 4.76837158203125e-07]
17:[4.76837158203125e-07, 4.76837158203125e-07, 4.76837158203125e-07, 9.5367431640625e-07, 9.5367431640625e-07, 1.430511474609375e-06, 2.86102294921875e-06, 9.5367431640625e-07, 9.5367431640625e-07, 2.384185791015625e-06, 3.337860107421875e-06, 3.814697265625e-06, 1.0013580322265625e-05, 3.814697265625e-06, 2.384185791015625e-06, 2.8133392333984375e-05, 2.765655517578125e-05, 3.719329833984375e-05, 1.4781951904296875e-05, 1.4781951904296875e-05, 1.71661376953125e-05, 9.5367431640625e-07, 1.811981201171875e-05, 5.9604644775390625e-05, 9.822845458984375e-05, 0.00010633468627929688, 4.1484832763671875e-05, 8.20159912109375e-05, 7.43865966796875e-05, 2.7179718017578125e-05, 1.430511474609375e-06, 3.337860107421875e-06, 3.337860107421875e-06, 2.47955322265625e-05, 4.4345855712890625e-05, 3.7670135498046875e-05, 1.049041748046875e-05, 0.00017213821411132812, 0.0001087188720703125, 3.0040740966796875e-05, 8.58306884765625e-06, 1.239776611328125e-05, 1.0967254638671875e-05, 1.430511474609375e-06, 1.2874603271484375e-05, 1.0013580322265625e-05, 9.5367431640625e-07, 0.00012445449829101562, 7.295608520507812e-05, 6.437301635742188e-05, 0.00013208389282226562, 0.00017547607421875, 0.00011539459228515625, 2.288818359375e-05, 9.5367431640625e-07, 3.3855438232421875e-05, 4.76837158203125e-07, 2.4318695068359375e-05, 0.00011539459228515625, 0.00014829635620117188, 8.535385131835938e-05, 3.528594970703125e-05, 1.621246337890625e-05, 4.291534423828125e-06, 1.1444091796875e-05, 3.1948089599609375e-05, 6.389617919921875e-05, 9.1552734375e-05, 6.151199340820312e-05, 3.3855438232421875e-05, 1.4781951904296875e-05, 5.7220458984375e-06, 1.0013580322265625e-05, 1.0013580322265625e-05, 1.6689300537109375e-05, 6.532669067382812e-05, 8.0108642578125e-05, 4.0531158447265625e-05, 2.3365020751953125e-05, 9.059906005859375e-06, 2.0503997802734375e-05, 1.52587890625e-05, 3.814697265625e-06, 1.430511474609375e-06, 4.76837158203125e-07, 6.198883056640625e-06, 6.198883056640625e-06, 1.9073486328125e-06, 1.9073486328125e-06, 1.9073486328125e-06, 1.430511474609375e-06, 2.384185791015625e-06, 9.5367431640625e-07, 4.76837158203125e-07, 4.76837158203125e-07, 2.86102294921875e-06, 1.0013580322265625e-05, 3.814697265625e-06, 4.76837158203125e-07, 4.76837158203125e-07, 4.76837158203125e-07, 4.76837158203125e-07, 2.0503997802734375e-05, 2.8133392333984375e-05, 1.1920928955078125e-05, 4.76837158203125e-07, 1.9073486328125e-06, 5.1021575927734375e-05, 0.00013065338134765625, 8.0108642578125e-05, 2.1457672119140625e-05, 2.86102294921875e-06, 5.245208740234375e-06, 1.811981201171875e-05, 0.00015592575073242188, 0.00017213821411132812, 5.817413330078125e-05, 1.0013580322265625e-05, 9.5367431640625e-07, 9.5367431640625e-07, 3.814697265625e-06, 6.866455078125e-05, 9.107589721679688e-05, 0.0002722740173339844, 0.00014638900756835938, 2.6226043701171875e-05, 1.430511474609375e-06, 3.6716461181640625e-05, 0.00014925003051757812, 0.000301361083984375, 0.0003604888916015625, 0.00013875961303710938, 2.574920654296875e-05, 9.5367431640625e-07, 4.3392181396484375e-05, 0.00017118453979492188, 0.00026798248291015625, 0.00025177001953125, 6.151199340820312e-05, 3.719329833984375e-05, 6.67572021484375e-06, 9.5367431640625e-07, 1.52587890625e-05, 6.151199340820312e-05, 0.00017213821411132812, 0.00012826919555664062, 0.00010919570922851562, 4.863739013671875e-05, 2.6226043701171875e-05, 1.6689300537109375e-05, 9.5367431640625e-07, 1.52587890625e-05, 0.00011873245239257812, 0.000255584716796875, 2.288818359375e-05, 2.384185791015625e-06, 2.5272369384765625e-05, 4.7206878662109375e-05, 2.002716064453125e-05, 9.5367431640625e-07, 0.00011396408081054688, 1.33514404296875e-05, 3.4332275390625e-05, 6.246566772460938e-05, 2.6702880859375e-05, 0.00010585784912109375, 3.2901763916015625e-05, 1.7642974853515625e-05, 2.2411346435546875e-05, 0.00011301040649414062, 7.867813110351562e-05, 2.574920654296875e-05, 4.291534423828125e-06, 8.678436279296875e-05, 1.7642974853515625e-05, 9.5367431640625e-07, 4.76837158203125e-07]
18:[2.5510787963867188e-05, 6.29425048828125e-05, 2.47955322265625e-05, 7.152557373046875e-07, 4.76837158203125e-07, 1.6450881958007812e-05, 7.700920104980469e-05, 3.647804260253906e-05, 1.049041748046875e-05, 1.430511474609375e-06, 1.430511474609375e-06, 2.384185791015625e-07, 4.76837158203125e-07, 2.384185791015625e-07, 7.271766662597656e-05, 3.266334533691406e-05, 2.1457672119140625e-05, 1.239776611328125e-05, 1.6689300537109375e-06, 2.384185791015625e-07, 7.152557373046875e-07, 4.00543212890625e-05, 0.00013971328735351562, 9.012222290039062e-05, 2.09808349609375e-05, 2.384185791015625e-06, 1.1920928955078125e-05, 1.1920928955078125e-05, 1.0251998901367188e-05, 1.3828277587890625e-05, 4.5299530029296875e-06, 9.5367431640625e-07, 2.384185791015625e-07, 3.5762786865234375e-06, 1.8596649169921875e-05, 1.9073486328125e-05, 7.152557373046875e-07, 2.384185791015625e-07, 1.52587890625e-05, 3.910064697265625e-05, 1.3828277587890625e-05, 1.3589859008789062e-05, 1.1920928955078125e-06, 7.152557373046875e-07, 9.059906005859375e-06, 3.0517578125e-05, 5.435943603515625e-05, 6.914138793945312e-05, 7.62939453125e-06, 7.152557373046875e-07, 4.76837158203125e-07, 4.76837158203125e-07, 1.7642974853515625e-05, 8.130073547363281e-05, 6.270408630371094e-05, 6.198883056640625e-06, 7.152557373046875e-07, 2.384185791015625e-07, 4.76837158203125e-07, 1.6689300537109375e-06, 4.553794860839844e-05, 3.4332275390625e-05, 4.5299530029296875e-06, 9.5367431640625e-07, 2.6226043701171875e-06, 2.6226043701171875e-06, 2.384185791015625e-07, 7.152557373046875e-07, 7.867813110351562e-06, 1.9550323486328125e-05, 9.5367431640625e-07, 2.384185791015625e-07, 7.152557373046875e-07, 5.4836273193359375e-06, 1.3589859008789062e-05, 1.1920928955078125e-06, 2.384185791015625e-07, 2.384185791015625e-07, 2.1457672119140625e-06, 7.152557373046875e-07, 9.5367431640625e-06, 1.33514404296875e-05, 2.384185791015625e-06, 9.5367431640625e-06, 4.982948303222656e-05, 3.0994415283203125e-06, 2.384185791015625e-07, 1.9073486328125e-06, 1.4543533325195312e-05, 8.296966552734375e-05, 5.316734313964844e-05, 1.0251998901367188e-05, 2.384185791015625e-07, 2.384185791015625e-07, 1.9073486328125e-06, 3.24249267578125e-05, 7.915496826171875e-05, 5.817413330078125e-05, 1.0251998901367188e-05, 4.76837158203125e-07, 2.384185791015625e-07, 8.58306884765625e-06, 8.821487426757812e-06, 2.1457672119140625e-06, 4.2438507080078125e-05, 5.0067901611328125e-05, 3.62396240234375e-05, 4.76837158203125e-07, 2.384185791015625e-07, 1.7881393432617188e-05, 2.09808349609375e-05, 2.384185791015625e-07, 8.821487426757812e-06, 8.821487426757812e-06, 4.76837158203125e-07, 9.5367431640625e-07, 4.76837158203125e-07, 4.76837158203125e-07, 1.1920928955078125e-06, 9.5367431640625e-07, 2.384185791015625e-07, 4.76837158203125e-07]
19:[4.76837158203125e-07, 2.384185791015625e-07, 2.384185791015625e-07, 2.384185791015625e-07, 2.384185791015625e-07, 7.152557373046875e-07, 2.384185791015625e-07, 3.5762786865234375e-06, 4.76837158203125e-07, 2.384185791015625e-07, 4.5299530029296875e-06, 9.298324584960938e-06, 1.1920928955078125e-06, 7.152557373046875e-06, 1.6689300537109375e-05, 2.384185791015625e-07, 2.384185791015625e-07, 1.621246337890625e-05, 2.1696090698242188e-05, 7.152557373046875e-06, 9.5367431640625e-07, 4.291534423828125e-06, 1.3589859008789062e-05, 1.6689300537109375e-06, 5.9604644775390625e-06, 2.193450927734375e-05, 2.7418136596679688e-05, 4.0531158447265625e-06, 5.0067901611328125e-06, 1.6689300537109375e-06, 4.76837158203125e-07, 1.0013580322265625e-05, 1.9311904907226562e-05, 7.152557373046875e-06, 4.76837158203125e-07, 2.384185791015625e-07, 1.4781951904296875e-05, 3.0279159545898438e-05, 2.1219253540039062e-05, 8.344650268554688e-06, 3.337860107421875e-06, 1.8596649169921875e-05, 1.5735626220703125e-05, 3.5762786865234375e-06, 2.6226043701171875e-06, 8.106231689453125e-06, 8.58306884765625e-06, 1.1920928955078125e-06, 6.198883056640625e-06, 8.58306884765625e-06, 1.1444091796875e-05, 1.6689300537109375e-05, 3.5762786865234375e-06, 1.1444091796875e-05, 1.3589859008789062e-05, 2.384185791015625e-07, 6.67572021484375e-06, 8.821487426757812e-06, 2.384185791015625e-07, 7.152557373046875e-07, 9.5367431640625e-07, 2.384185791015625e-07, 4.76837158203125e-07, 2.384185791015625e-07, 4.76837158203125e-07, 2.384185791015625e-07, 2.384185791015625e-07, 3.5762786865234375e-06, 1.0013580322265625e-05, 4.76837158203125e-07, 2.384185791015625e-07, 4.76837158203125e-07, 1.1920928955078125e-06, 5.0067901611328125e-06, 3.0040740966796875e-05, 4.76837158203125e-07, 2.384185791015625e-07, 9.5367431640625e-07, 1.1920928955078125e-06, 1.0967254638671875e-05, 4.839897155761719e-05, 1.9073486328125e-06, 2.384185791015625e-07, 9.5367431640625e-07, 2.384185791015625e-07, 8.58306884765625e-06, 4.220008850097656e-05, 1.9073486328125e-06, 2.384185791015625e-07, 1.1920928955078125e-06, 2.384185791015625e-07, 2.384185791015625e-07, 8.106231689453125e-06, 1.2636184692382812e-05, 1.9073486328125e-06, 2.384185791015625e-07, 2.384185791015625e-07, 1.1920928955078125e-06, 4.76837158203125e-07, 9.059906005859375e-06, 1.1205673217773438e-05, 2.384185791015625e-07, 7.152557373046875e-07, 4.76837158203125e-07, 4.76837158203125e-07, 9.5367431640625e-07, 1.3589859008789062e-05, 2.2649765014648438e-05, 1.5974044799804688e-05, 4.76837158203125e-07, 2.384185791015625e-07, 2.384185791015625e-07, 2.384185791015625e-07, 9.5367431640625e-07, 2.7418136596679688e-05, 3.147125244140625e-05, 1.3113021850585938e-05, 1.3113021850585938e-05, 2.384185791015625e-07, 4.76837158203125e-07, 2.384185791015625e-07, 2.384185791015625e-07, 7.152557373046875e-07, 2.384185791015625e-07, 2.384185791015625e-07, 4.76837158203125e-07, 2.384185791015625e-07, 4.76837158203125e-07, 1.1920928955078125e-06, 2.384185791015625e-06, 1.1920928955078125e-06, 9.298324584960938e-06, 1.8596649169921875e-05, 1.9788742065429688e-05, 1.1205673217773438e-05, 1.3589859008789062e-05, 3.337860107421875e-06, 3.695487976074219e-05, 1.9073486328125e-05, 2.384185791015625e-07, 5.507469177246094e-05, 0.00013256072998046875, 6.985664367675781e-05, 7.843971252441406e-05, 5.626678466796875e-05, 2.86102294921875e-06, 2.7418136596679688e-05, 2.2649765014648438e-05, 3.5762786865234375e-06, 7.867813110351562e-06, 0.000102996826171875, 0.0001971721649169922, 0.00010347366333007812, 0.00014066696166992188, 0.00011754035949707031, 6.175041198730469e-05, 7.2479248046875e-05, 7.367134094238281e-05, 5.0067901611328125e-06, 1.6689300537109375e-06, 2.384185791015625e-07, 4.76837158203125e-06, 1.2636184692382812e-05, 9.202957153320312e-05, 8.916854858398438e-05, 9.322166442871094e-05, 0.00012421607971191406, 0.00018835067749023438, 0.00031685829162597656, 0.0002899169921875, 0.00011658668518066406, 1.3828277587890625e-05, 8.344650268554688e-06, 8.344650268554688e-06, 4.76837158203125e-07, 0.0001399517059326172, 6.866455078125e-05, 0.00010466575622558594, 0.00020074844360351562, 0.0001556873321533203, 0.0001289844512939453, 9.202957153320312e-05, 6.914138793945312e-05, 8.344650268554688e-06, 9.298324584960938e-06, 4.76837158203125e-07, 5.4836273193359375e-06, 0.00010895729064941406, 0.00011587142944335938, 0.00022554397583007812, 0.00010776519775390625, 5.5789947509765625e-05, 2.4080276489257812e-05, 9.5367431640625e-07, 1.1920928955078125e-06, 2.1457672119140625e-06, 3.0994415283203125e-06, 0.0001914501190185547, 5.459785461425781e-05, 1.0967254638671875e-05, 2.6226043701171875e-06, 2.384185791015625e-07, 2.384185791015625e-07, 2.384185791015625e-07, 4.76837158203125e-07, 4.76837158203125e-07, 2.384185791015625e-07]
20:[4.76837158203125e-06, 2.86102294921875e-06, 7.62939453125e-06, 4.76837158203125e-07, 2.86102294921875e-06, 1.430511474609375e-05, 3.337860107421875e-06, 4.76837158203125e-07, 2.384185791015625e-06, 1.239776611328125e-05, 1.9073486328125e-06, 4.76837158203125e-07, 2.384185791015625e-06, 6.198883056640625e-06, 9.5367431640625e-07, 4.76837158203125e-07, 4.76837158203125e-07]
21:[4.76837158203125e-07, 4.76837158203125e-07, 2.9087066650390625e-05, 2.2411346435546875e-05, 4.76837158203125e-07, 3.337860107421875e-06, 9.059906005859375e-06, 6.198883056640625e-06, 1.9073486328125e-06, 1.3828277587890625e-05, 6.198883056640625e-06, 4.76837158203125e-07, 1.0967254638671875e-05, 7.62939453125e-06, 4.76837158203125e-07, 8.58306884765625e-06, 7.152557373046875e-06, 3.337860107421875e-06, 2.0503997802734375e-05, 4.291534423828125e-06, 9.5367431640625e-07, 1.9073486328125e-06, 4.76837158203125e-07, 3.337860107421875e-06, 1.8596649169921875e-05, 4.291534423828125e-06, 4.76837158203125e-07, 9.5367431640625e-07, 7.62939453125e-06, 9.5367431640625e-07, 4.76837158203125e-07, 4.76837158203125e-07]
22:[4.76837158203125e-07, 9.5367431640625e-07, 4.76837158203125e-07, 9.5367431640625e-07, 7.152557373046875e-06, 1.1444091796875e-05, 1.2874603271484375e-05, 1.0013580322265625e-05, 2.384185791015625e-05, 2.3365020751953125e-05, 1.71661376953125e-05, 7.104873657226562e-05, 3.814697265625e-06, 3.814697265625e-06, 1.0967254638671875e-05, 1.621246337890625e-05, 1.9073486328125e-06, 4.76837158203125e-07, 1.71661376953125e-05, 4.7206878662109375e-05, 3.814697265625e-06, 4.76837158203125e-07, 4.76837158203125e-07, 3.337860107421875e-06, 1.811981201171875e-05, 1.8596649169921875e-05, 6.198883056640625e-06, 3.5762786865234375e-05, 5.1021575927734375e-05, 1.811981201171875e-05, 1.811981201171875e-05]
23:[4.76837158203125e-07, 4.76837158203125e-07, 4.76837158203125e-07, 4.76837158203125e-07, 4.76837158203125e-07, 1.430511474609375e-06, 1.9073486328125e-06, 9.5367431640625e-07, 4.76837158203125e-07]
