0:[]
1:[]
2:[]
3:[]
4:[]
5:[]
6:[]
7:[]
8:[1.862645149230957e-09, 1.862645149230957e-09, 4.190951585769653e-09, 8.381903171539307e-09, 6.05359673500061e-09, 9.313225746154785e-10, 9.313225746154785e-10]
9:[2.2351741790771484e-08, 5.587935447692871e-08, 1.5087425708770752e-07, 6.332993507385254e-08, 3.91155481338501e-08, 1.2479722499847412e-07, 4.600733518600464e-07, 1.564621925354004e-07, 5.774199962615967e-08, 4.0978193283081055e-08, 2.5331974029541016e-07, 9.164214134216309e-07, 3.259629011154175e-07, 7.078051567077637e-08, 5.587935447692871e-09, 1.862645149230957e-09, 3.91155481338501e-08, 2.2351741790771484e-07, 7.729977369308472e-07, 2.4586915969848633e-07, 4.6566128730773926e-08, 7.450580596923828e-09, 1.2293457984924316e-07, 2.2165477275848389e-07, 1.0989606380462646e-07, 5.587935447692871e-09, 1.1175870895385742e-08, 1.6763806343078613e-08]
10:[6.51925802230835e-09, 7.450580596923828e-09, 4.6566128730773926e-09, 1.7695128917694092e-08, 2.3283064365386963e-08, 1.043081283569336e-07, 1.0058283805847168e-07, 3.725290298461914e-09, 9.313225746154785e-10, 4.0046870708465576e-08, 3.129243850708008e-07, 5.736947059631348e-07, 3.6694109439849854e-07, 1.210719347000122e-08, 9.313225746154785e-10, 9.313225746154785e-10, 3.4458935260772705e-08, 2.2631138563156128e-07, 9.890645742416382e-07, 1.8049031496047974e-06, 1.0812655091285706e-06, 2.7939677238464355e-09, 9.313225746154785e-10, 8.381903171539307e-08, 3.986060619354248e-07, 1.1064112186431885e-06, 1.080334186553955e-06, 2.859160304069519e-07, 9.313225746154785e-10, 2.7939677238464355e-09, 6.891787052154541e-08, 3.8277357816696167e-07, 4.079192876815796e-07, 2.6170164346694946e-07, 5.4016709327697754e-08, 9.313225746154785e-10, 2.7939677238464355e-09, 4.190951585769653e-08, 7.729977369308472e-08, 1.0244548320770264e-07, 4.0046870708465576e-08, 9.313225746154785e-10, 1.1175870895385742e-08, 2.1420419216156006e-08, 2.2351741790771484e-08]
11:[]
12:[1.2660166248679161e-09, 1.2369127944111824e-09, 1.2369127944111824e-09, 2.4199835024774075e-08, 1.206353772431612e-08, 2.5320332497358322e-09, 5.995389074087143e-09, 2.759043127298355e-08, 8.541974239051342e-09, 1.2369127944111824e-09, 2.35741026699543e-09, 1.0521034710109234e-08, 7.30506144464016e-09]
13:[]
14:[3.725290298461914e-09, 1.1175870895385742e-08, 1.3783574104309082e-07, 1.4528632164001465e-07, 1.0058283805847168e-07, 3.725290298461914e-09, 3.725290298461914e-09, 1.5273690223693848e-07, 9.94652509689331e-07, 9.685754776000977e-07, 2.2351741790771484e-07, 1.0058283805847168e-07, 3.725290298461914e-09, 1.1175870895385742e-08, 3.241002559661865e-07, 1.3113021850585938e-06, 1.0095536708831787e-06, 2.644956111907959e-07, 1.30385160446167e-07, 3.725290298461914e-09, 2.2351741790771484e-08, 2.123415470123291e-07, 1.043081283569336e-07, 3.725290298461914e-09, 3.725290298461914e-09, 3.725290298461914e-09, 3.725290298461914e-09, 7.450580596923828e-09, 3.725290298461914e-08, 3.725290298461914e-08, 5.587935447692871e-08, 6.332993507385254e-08, 1.2293457984924316e-07, 1.6763806343078613e-07, 1.862645149230957e-07, 7.450580596923828e-08, 5.21540641784668e-08, 1.1175870895385742e-08, 4.0978193283081055e-08, 1.1548399925231934e-07, 1.3783574104309082e-07, 6.631016731262207e-07, 9.201467037200928e-07, 1.4603137969970703e-06, 1.0766088962554932e-06, 7.003545761108398e-07, 5.21540641784668e-08, 1.1175870895385742e-08, 9.685754776000977e-08, 3.0547380447387695e-07, 1.0356307029724121e-06, 2.0712614059448242e-06, 3.3043324947357178e-06, 2.2202730178833008e-06, 7.525086402893066e-07, 5.587935447692871e-08, 2.2351741790771484e-08, 1.1548399925231934e-07, 3.762543201446533e-07, 8.493661880493164e-07, 1.1473894119262695e-06, 5.476176738739014e-07, 1.1920928955078125e-07, 3.725290298461914e-09, 4.842877388000488e-08, 6.705522537231445e-08, 2.123415470123291e-07, 2.3096799850463867e-07, 1.6763806343078613e-07, 3.725290298461914e-09, 3.725290298461914e-09, 1.4901161193847656e-08, 1.862645149230957e-08, 1.4901161193847656e-08, 3.725290298461914e-09]
15:[2.561137080192566e-09, 1.180451363325119e-07, 6.158370524644852e-08, 2.5064218789339066e-07, 9.569339454174042e-08, 2.468004822731018e-08, 6.6356733441352844e-09, 6.6356733441352844e-09]
16:[9.313225746154785e-09, 1.1175870895385742e-08, 9.313225746154785e-09, 5.587935447692871e-09, 3.3527612686157227e-08, 4.5262277126312256e-07, 4.6193599700927734e-07, 3.986060619354248e-06, 3.995373845100403e-06, 8.791685104370117e-07, 2.4586915969848633e-07, 1.30385160446167e-08, 3.166496753692627e-08, 4.153698682785034e-07, 1.0598450899124146e-06, 8.685514330863953e-06, 1.259148120880127e-05, 2.065114676952362e-05, 1.5774741768836975e-05, 2.5350600481033325e-06, 2.1792948246002197e-07, 1.3597309589385986e-07, 1.862645149230957e-09, 7.450580596923828e-09, 1.3783574104309082e-07, 1.1827796697616577e-06, 6.357207894325256e-06, 2.1556392312049866e-05, 4.7558918595314026e-05, 6.783567368984222e-05, 5.7114288210868835e-05, 1.5974044799804688e-05, 1.391395926475525e-06, 1.3597309589385986e-07, 1.862645149230957e-09, 2.0489096641540527e-08, 2.998858690261841e-07, 2.201646566390991e-06, 8.93324613571167e-06, 1.829490065574646e-05, 1.592375338077545e-05, 1.7840415239334106e-05, 1.401454210281372e-05, 2.946704626083374e-06, 7.80448317527771e-07, 1.3597309589385986e-07, 1.862645149230957e-09, 1.862645149230957e-08, 2.0116567611694336e-07, 7.711350917816162e-07, 5.2209943532943726e-06, 5.0943344831466675e-06, 2.553686499595642e-06, 2.553686499595642e-06, 3.5762786865234375e-07, 4.6193599700927734e-07, 3.6135315895080566e-07, 1.4901161193847656e-08, 5.587935447692871e-09, 6.891787052154541e-08, 1.825392246246338e-07, 1.601874828338623e-07, 1.862645149230957e-08, 5.587935447692871e-09, 9.313225746154785e-09, 6.705522537231445e-08, 1.4901161193847656e-08]
17:[]
18:[5.029141902923584e-08, 5.774199962615967e-08, 3.725290298461914e-08, 1.4901161193847656e-08, 1.862645149230957e-09, 4.6566128730773926e-08, 9.685754776000977e-08, 2.4586915969848633e-07, 2.2351741790771484e-07, 5.960464477539063e-08, 5.587935447692871e-09, 1.862645149230957e-09, 7.82310962677002e-08, 4.0046870708465576e-07, 7.338821887969971e-07, 5.6438148021698e-07, 1.8812716007232666e-07, 2.2351741790771484e-08, 1.862645149230957e-09, 6.705522537231445e-08, 3.371387720108032e-07, 6.593763828277588e-07, 7.245689630508423e-07, 2.812594175338745e-07, 4.6566128730773926e-08, 1.862645149230957e-09, 1.862645149230957e-09, 2.7194619178771973e-07, 3.390014171600342e-07, 3.6135315895080566e-07, 1.6763806343078613e-07, 3.166496753692627e-08, 1.862645149230957e-09, 1.4901161193847656e-08, 2.7939677238464355e-08, 9.313225746154785e-09]
19:[]
20:[]
21:[]
22:[]
23:[]
