0:[]
1:[]
2:[]
3:[]
4:[7.450580596923828e-09, 7.450580596923828e-09, 8.195638656616211e-08, 1.1175870895385742e-07, 7.450580596923828e-09, 3.5762786865234375e-07, 4.559755325317383e-06, 3.6507844924926758e-06, 2.444535493850708e-05, 9.641051292419434e-06]
5:[7.450580596923828e-09, 7.450580596923828e-09, 2.2351741790771484e-08, 7.450580596923828e-09, 7.450580596923828e-09, 3.725290298461914e-08, 3.725290298461914e-08, 7.450580596923828e-09, 7.450580596923828e-09, 2.2351741790771484e-08, 7.450580596923828e-09, 7.450580596923828e-09, 7.450580596923828e-09, 7.450580596923828e-09]
6:[3.3527612686157227e-08, 2.60770320892334e-08]
7:[]
8:[7.450580596923828e-09, 1.1175870895385742e-08, 3.725290298461914e-09, 3.725290298461914e-09, 1.4901161193847656e-08, 1.1175870895385742e-08, 3.725290298461914e-09, 1.6391277313232422e-07, 8.568167686462402e-08, 3.725290298461914e-08, 6.258487701416016e-07, 4.5821070671081543e-07, 2.1979212760925293e-07, 8.940696716308594e-08, 1.780688762664795e-06, 1.1622905731201172e-06, 2.0489096641540527e-07, 1.1548399925231934e-07, 2.559274435043335e-06, 2.291053533554077e-06, 2.987682819366455e-06, 6.332993507385254e-07, 4.4330954551696777e-07, 8.09505581855774e-06, 1.1011958122253418e-05, 7.029622793197632e-06, 3.598630428314209e-06, 2.4810433387756348e-06, 3.725290298461914e-09, 3.725290298461914e-09, 3.725290298461914e-09, 1.0896474123001099e-05, 2.4244189262390137e-05, 2.8360635042190552e-05, 1.5638768672943115e-05, 1.255422830581665e-06, 2.2351741790771484e-08, 3.725290298461914e-09, 1.952052116394043e-06, 2.0489096641540527e-06, 2.43261456489563e-06, 2.518296241760254e-06, 9.313225746154785e-08, 3.725290298461914e-09, 3.725290298461914e-09, 4.842877388000488e-08, 4.842877388000488e-08, 2.2351741790771484e-08, 2.2351741790771484e-08]
9:[1.4901161193847656e-08, 2.9802322387695312e-08, 1.043081283569336e-07, 2.9802322387695312e-08, 1.4901161193847656e-08, 1.4901161193847656e-08, 1.087784767150879e-06, 2.3543834686279297e-06, 1.4007091522216797e-06, 1.043081283569336e-07, 3.0547380447387695e-06, 4.783272743225098e-06, 1.74790620803833e-05, 9.104609489440918e-06, 6.884336471557617e-06, 1.341104507446289e-07, 8.940696716308594e-08, 3.2186508178710938e-06, 1.8775463104248047e-05, 5.914270877838135e-05, 3.369152545928955e-05, 1.245737075805664e-05, 3.1739473342895508e-06, 1.6987323760986328e-06, 1.6391277313232422e-07, 3.874301910400391e-06, 2.136826515197754e-05, 5.754828453063965e-05, 3.871321678161621e-05, 2.6270747184753418e-05, 1.0460615158081055e-05, 1.7136335372924805e-06, 1.4901161193847656e-07, 7.152557373046875e-07, 1.0311603546142578e-05, 1.5437602996826172e-05, 1.1965632438659668e-05, 6.452202796936035e-06, 2.175569534301758e-06, 7.301568984985352e-07, 5.364418029785156e-07, 9.387731552124023e-07, 5.811452865600586e-07, 1.9371509552001953e-07, 2.2351741790771484e-07, 5.960464477539063e-08, 2.9802322387695312e-08, 1.4901161193847656e-08, 1.4901161193847656e-08, 1.4901161193847656e-08, 1.4901161193847656e-08, 1.4901161193847656e-08, 1.4901161193847656e-08, 1.4901161193847656e-08, 1.4901161193847656e-08, 1.4901161193847656e-08, 1.4901161193847656e-08, 1.4901161193847656e-08, 1.4901161193847656e-08, 2.9802322387695312e-08, 2.9802322387695312e-08]
10:[7.450580596923828e-09, 7.450580596923828e-09, 7.450580596923828e-09, 7.450580596923828e-09, 2.2351741790771484e-08, 2.2351741790771484e-08, 7.450580596923828e-09, 7.450580596923828e-09, 2.2351741790771484e-08, 2.2351741790771484e-08, 7.450580596923828e-09, 7.450580596923828e-09, 7.450580596923828e-09, 7.450580596923828e-09, 7.450580596923828e-09, 2.2351741790771484e-08, 3.725290298461914e-08, 2.2351741790771484e-08, 7.450580596923828e-09, 2.2351741790771484e-08, 2.2351741790771484e-08, 5.21540641784668e-08, 8.940696716308594e-08, 7.450580596923828e-08, 3.725290298461914e-08, 5.662441253662109e-07, 6.556510925292969e-07, 5.736947059631348e-07, 8.195638656616211e-08, 2.2351741790771484e-08, 1.043081283569336e-07, 8.940696716308594e-08, 6.705522537231445e-08, 8.642673492431641e-07, 1.4230608940124512e-06, 1.0348856449127197e-05, 1.0415911674499512e-05, 1.080334186553955e-06, 4.470348358154297e-08, 1.4901161193847656e-08, 7.450580596923828e-09, 8.195638656616211e-08, 6.705522537231445e-08, 1.1920928955078125e-07, 1.8700957298278809e-06, 1.87605619430542e-05, 3.8951635360717773e-05, 3.875046968460083e-05, 4.92483377456665e-06, 1.7881393432617188e-06, 1.4901161193847656e-08, 1.4901161193847656e-08, 6.705522537231445e-08, 1.341104507446289e-07, 1.4603137969970703e-06, 1.3969838619232178e-05, 6.45369291305542e-05, 0.00012820959091186523, 0.0001344233751296997, 2.2813677787780762e-05, 3.0100345611572266e-06, 3.725290298461914e-08, 7.450580596923828e-09, 2.2351741790771484e-08, 1.341104507446289e-07, 4.887580871582031e-06, 3.7960708141326904e-05, 9.499490261077881e-05, 0.00010207295417785645, 6.142258644104004e-05, 1.1526048183441162e-05, 2.86102294921875e-06, 1.4901161193847656e-08, 4.544854164123535e-07, 8.709728717803955e-06, 4.461407661437988e-05, 6.731599569320679e-05, 5.6527554988861084e-05, 2.0951032638549805e-05, 4.336237907409668e-06, 2.682209014892578e-07, 2.2351741790771484e-08, 5.960464477539062e-07, 9.670853614807129e-06, 3.106892108917236e-05, 5.374103784561157e-05, 2.847611904144287e-05, 1.7434358596801758e-06, 1.296401023864746e-06, 2.60770320892334e-07, 2.9802322387695312e-08, 4.76837158203125e-07, 8.113682270050049e-06, 2.6971101760864258e-05, 3.556162118911743e-05, 1.2062489986419678e-05, 5.513429641723633e-07, 2.2351741790771484e-08, 1.7881393432617188e-07, 3.1068921089172363e-06, 9.350478649139404e-06, 1.3671815395355225e-05, 6.638467311859131e-06, 3.0547380447387695e-07, 1.4901161193847656e-08, 1.4156103134155273e-07, 4.3213367462158203e-07, 1.1175870895385742e-06, 1.4975666999816895e-06, 1.080334186553955e-06, 1.862645149230957e-07, 7.450580596923828e-09, 2.9802322387695312e-08, 5.21540641784668e-08, 3.0547380447387695e-07, 3.2782554626464844e-07, 1.1920928955078125e-07, 9.685754776000977e-08, 7.450580596923828e-09, 1.4901161193847656e-08, 1.4901161193847656e-08, 2.9802322387695312e-08, 3.725290298461914e-08, 2.2351741790771484e-08, 7.450580596923828e-09, 2.2351741790771484e-08, 7.450580596923828e-09, 7.450580596923828e-09, 2.2351741790771484e-08, 1.4901161193847656e-08, 1.4901161193847656e-08, 1.4901161193847656e-08]
11:[3.725290298461914e-09, 3.725290298461914e-09, 3.725290298461914e-09, 1.4901161193847656e-08, 2.9802322387695312e-08, 6.705522537231445e-08, 3.3527612686157227e-08, 2.60770320892334e-08, 1.1175870895385742e-08, 7.82310962677002e-08, 2.1979212760925293e-07, 3.986060619354248e-07, 3.8370490074157715e-07, 1.2665987014770508e-07, 1.4901161193847656e-08, 1.862645149230957e-08, 8.940696716308594e-08, 5.476176738739014e-07, 2.3953616619110107e-06, 4.202127456665039e-06, 4.477798938751221e-06, 1.2069940567016602e-06, 6.705522537231445e-08, 7.450580596923828e-09, 2.2351741790771484e-08, 7.82310962677002e-08, 3.0547380447387695e-07, 1.911073923110962e-06, 6.932765245437622e-06, 1.0967254638671875e-05, 1.220405101776123e-05, 2.0638108253479004e-06, 4.246830940246582e-07, 3.725290298461914e-09, 3.725290298461914e-09, 2.2351741790771484e-08, 3.3527612686157227e-08, 6.332993507385254e-08, 1.4156103134155273e-07, 2.3469328880310059e-07, 5.09992241859436e-06, 1.0117888450622559e-05, 1.498684287071228e-05, 4.403293132781982e-06, 5.960464477539062e-07, 8.568167686462402e-08, 3.725290298461914e-09, 2.2351741790771484e-08, 2.9802322387695312e-08, 3.725290298461914e-08, 6.332993507385254e-08, 2.1606683731079102e-07, 3.3155083656311035e-07, 6.705522537231445e-08, 3.3490359783172607e-06, 9.406358003616333e-06, 3.978610038757324e-06, 4.172325134277344e-07, 8.568167686462402e-08, 3.725290298461914e-09, 1.862645149230957e-08, 3.3527612686157227e-08, 2.2351741790771484e-08, 2.2351741790771484e-08, 4.0978193283081055e-08, 1.5273690223693848e-07, 7.7858567237854e-07, 9.350478649139404e-07, 6.109476089477539e-07, 2.2351741790771484e-08, 1.1622905731201172e-06, 9.313225746154785e-07, 2.5331974029541016e-07, 7.450580596923828e-09, 3.725290298461914e-09, 2.60770320892334e-08, 4.470348358154297e-08, 4.0978193283081055e-08, 1.862645149230957e-08, 2.9802322387695312e-08, 7.078051567077637e-08, 2.60770320892334e-07, 3.986060619354248e-06, 4.9173831939697266e-06, 1.3783574104309082e-06, 1.30385160446167e-07, 4.470348358154297e-08, 1.341104507446289e-07, 3.3527612686157227e-08, 7.450580596923828e-09, 1.862645149230957e-08, 4.0978193283081055e-08, 5.21540641784668e-08, 3.725290298461914e-08, 1.862645149230957e-08, 4.842877388000488e-08, 8.940696716308594e-08, 3.8743019104003906e-07, 5.755573511123657e-06, 6.906688213348389e-06, 2.4810433387756348e-06, 1.2367963790893555e-06, 5.21540641784668e-08, 1.1175870895385742e-08, 3.725290298461914e-09, 3.725290298461914e-09, 7.450580596923828e-09, 2.60770320892334e-08, 4.0978193283081055e-08, 4.842877388000488e-08, 3.725290298461914e-08, 3.3527612686157227e-08, 7.450580596923828e-08, 9.313225746154785e-08, 4.023313522338867e-07, 7.10412859916687e-06, 1.548975706100464e-05, 1.4483928680419922e-05, 1.516193151473999e-06, 1.4901161193847656e-08, 1.862645149230957e-08, 3.3527612686157227e-08, 3.725290298461914e-08, 2.9802322387695312e-08, 5.21540641784668e-08, 1.1920928955078125e-07, 1.1175870895385742e-07, 3.3527612686157227e-08, 1.8328428268432617e-06, 8.60169529914856e-06, 1.0069459676742554e-05, 3.986060619354248e-07, 3.725290298461914e-09, 7.450580596923828e-09, 1.862645149230957e-08, 2.2351741790771484e-08, 1.862645149230957e-08, 5.960464477539063e-08, 1.564621925354004e-07, 1.3783574104309082e-07, 4.470348358154297e-08, 3.725290298461914e-09, 1.4603137969970703e-06, 3.725290298461914e-09, 7.450580596923828e-09, 1.4901161193847656e-08, 3.725290298461914e-09, 2.2351741790771484e-08, 9.313225746154785e-08, 1.601874828338623e-07, 1.30385160446167e-07, 6.705522537231445e-08, 3.725290298461914e-09, 3.725290298461914e-09, 3.725290298461914e-09, 3.725290298461914e-08, 1.3783574104309082e-07, 2.60770320892334e-07, 1.2665987014770508e-07, 1.1175870895385742e-08, 5.21540641784668e-08, 1.564621925354004e-07, 7.450580596923828e-08]
12:[9.872019290924072e-08, 2.4586915969848633e-07, 2.980232238769531e-07, 7.264316082000732e-08, 1.6763806343078613e-08, 7.82310962677002e-08, 2.551823854446411e-07, 1.5813857316970825e-06, 1.816079020500183e-06, 4.805624485015869e-07, 3.5390257835388184e-08, 9.313225746154785e-09, 2.2351741790771484e-08, 1.434236764907837e-07, 1.5068799257278442e-06, 4.427507519721985e-06, 3.246590495109558e-06, 4.7497451305389404e-07, 2.421438694000244e-08, 1.1175870895385742e-08, 2.9802322387695312e-08, 2.868473529815674e-07, 2.557411789894104e-06, 6.888061761856079e-06, 1.2814998626708984e-06, 1.862645149230957e-07, 1.30385160446167e-08, 3.725290298461914e-08, 3.781169652938843e-07, 1.3187527656555176e-06, 1.1641532182693481e-06, 3.0919909477233887e-07, 5.029141902923584e-08, 1.862645149230957e-09, 1.862645149230957e-09, 5.587935447692871e-09, 2.421438694000244e-08, 2.421438694000244e-08, 1.862645149230957e-08, 1.862645149230957e-09, 5.587935447692871e-09, 2.7939677238464355e-08, 5.4016709327697754e-08, 3.0547380447387695e-07, 4.898756742477417e-07, 3.9301812648773193e-07, 9.499490261077881e-08, 1.30385160446167e-08, 9.313225746154785e-09, 1.6763806343078613e-08, 1.30385160446167e-07, 7.729977369308472e-07, 7.506459951400757e-07, 8.195638656616211e-08, 8.009374141693115e-08, 3.8743019104003906e-07, 1.689419150352478e-06, 1.7490237951278687e-06, 2.0675361156463623e-07, 1.4901161193847656e-07, 1.993030309677124e-07, 9.685754776000977e-08, 1.30385160446167e-08, 3.725290298461914e-09, 1.30385160446167e-08, 4.284083843231201e-07, 8.922070264816284e-07, 3.5241246223449707e-06, 5.392357707023621e-06, 4.155561327934265e-06, 1.30385160446167e-07, 1.9315630197525024e-06, 3.416091203689575e-06, 2.911314368247986e-06, 2.3655593395233154e-07, 2.60770320892334e-08, 8.940696716308594e-08, 2.60770320892334e-08, 1.1175870895385742e-08, 7.450580596923828e-09, 1.5459954738616943e-07, 9.369105100631714e-07, 3.4440308809280396e-06, 2.4380162358283997e-05, 2.3271888494491577e-05, 8.415430784225464e-06, 6.183981895446777e-07, 1.8700957298278809e-06, 3.50363552570343e-06, 2.989545464515686e-06, 1.6577541828155518e-07, 1.862645149230957e-09, 2.60770320892334e-08, 9.313225746154785e-09, 2.9802322387695312e-08, 5.438923835754395e-07, 2.1085143089294434e-06, 9.525567293167114e-06, 2.9549002647399902e-05, 1.8619000911712646e-05, 5.882233381271362e-06, 7.636845111846924e-08, 1.123175024986267e-06, 2.739951014518738e-06, 1.55717134475708e-06, 2.7939677238464355e-08, 1.862645149230957e-09, 1.0244548320770264e-07, 6.575137376785278e-07, 2.637505531311035e-06, 8.050352334976196e-06, 1.7734244465827942e-05, 9.529292583465576e-06, 4.116445779800415e-07, 1.3597309589385986e-07, 4.917383193969727e-07, 7.413327693939209e-07, 1.5087425708770752e-07, 1.0058283805847168e-07, 3.371387720108032e-07, 1.9297003746032715e-06, 4.2691826820373535e-06, 5.692243576049805e-06, 9.033828973770142e-07, 3.4831464290618896e-07, 6.332993507385254e-08, 9.685754776000977e-08, 9.685754776000977e-08, 7.450580596923828e-09, 2.1420419216156006e-07, 5.513429641723633e-07, 1.3168901205062866e-06, 1.3168901205062866e-06, 5.979090929031372e-07, 1.0989606380462646e-07, 2.2351741790771484e-08, 7.450580596923828e-09, 2.7939677238464355e-08, 1.6763806343078613e-07, 3.762543201446533e-07, 4.284083843231201e-07, 2.2165477275848389e-07, 1.0989606380462646e-07, 2.60770320892334e-08, 7.450580596923828e-09, 3.725290298461914e-09, 1.862645149230957e-08, 4.6566128730773926e-08, 8.195638656616211e-08, 1.0058283805847168e-07, 7.450580596923828e-08, 3.5390257835388184e-08, 7.450580596923828e-09, 1.862645149230957e-09, 1.862645149230957e-09, 7.450580596923828e-09, 1.4901161193847656e-08, 2.9802322387695312e-08, 2.9802322387695312e-08, 2.0489096641540527e-08, 5.587935447692871e-09, 7.450580596923828e-09, 7.450580596923828e-09, 1.862645149230957e-09, 9.313225746154785e-09, 7.450580596923828e-09, 1.862645149230957e-09, 1.862645149230957e-08, 1.862645149230957e-09]
13:[7.450580596923828e-09, 7.450580596923828e-09, 2.421438694000244e-08, 3.166496753692627e-08, 1.1175870895385742e-08, 1.862645149230957e-09, 1.862645149230957e-09, 7.450580596923828e-09, 1.6763806343078613e-08, 3.3527612686157227e-08, 5.960464477539063e-08, 1.1548399925231934e-07, 5.960464477539063e-08, 2.2351741790771484e-08, 1.1175870895385742e-08, 2.60770320892334e-08, 7.450580596923828e-09, 1.6763806343078613e-08, 2.0489096641540527e-08, 3.166496753692627e-08, 5.774199962615967e-08, 1.2665987014770508e-07, 2.7939677238464355e-07, 1.8440186977386475e-07, 2.60770320892334e-08, 1.862645149230957e-09, 3.725290298461914e-09, 5.587935447692871e-09, 1.862645149230957e-09, 1.1175870895385742e-08, 3.91155481338501e-08, 7.450580596923828e-09, 3.725290298461914e-09, 3.725290298461914e-09, 1.4901161193847656e-08, 3.725290298461914e-08, 7.636845111846924e-08, 2.0116567611694336e-07, 2.775341272354126e-07, 2.60770320892334e-08, 9.313225746154785e-09, 3.725290298461914e-08, 3.3527612686157227e-08, 5.587935447692871e-09, 2.7939677238464355e-08, 9.313225746154785e-09, 2.2351741790771484e-08, 7.450580596923828e-08, 2.2724270820617676e-07, 2.682209014892578e-07, 3.166496753692627e-08, 3.5390257835388184e-08, 5.587935447692871e-08, 6.891787052154541e-08, 8.940696716308594e-08, 3.3527612686157227e-08, 2.421438694000244e-08, 1.4901161193847656e-08, 6.146728992462158e-08, 1.9744038581848145e-07, 2.2351741790771484e-07, 1.2293457984924316e-07, 1.0244548320770264e-07, 1.0803341865539551e-07, 7.264316082000732e-08, 8.754432201385498e-08, 1.3969838619232178e-07, 4.6566128730773926e-08, 1.30385160446167e-08, 4.470348358154297e-08, 1.2293457984924316e-07, 1.7508864402770996e-07, 2.1606683731079102e-07, 3.334134817123413e-07, 3.166496753692627e-07, 1.1548399925231934e-07, 6.891787052154541e-08, 8.568167686462402e-08, 2.421438694000244e-08, 9.313225746154785e-09, 3.725290298461914e-09, 5.587935447692871e-09, 4.284083843231201e-08, 1.210719347000122e-07, 2.775341272354126e-07, 4.78699803352356e-07, 3.557652235031128e-07, 1.5459954738616943e-07, 5.774199962615967e-08, 4.6566128730773926e-08, 5.587935447692871e-09, 3.725290298461914e-09, 1.862645149230957e-09, 1.862645149230957e-09, 9.313225746154785e-09, 1.1175870895385742e-08, 3.166496753692627e-08, 6.332993507385254e-08, 5.774199962615967e-08, 3.166496753692627e-08, 1.4901161193847656e-08, 3.725290298461914e-09, 1.862645149230957e-09, 1.862645149230957e-09, 1.862645149230957e-09, 5.587935447692871e-09, 5.587935447692871e-09, 9.313225746154785e-09, 1.862645149230957e-09, 7.450580596923828e-09, 1.862645149230957e-09, 3.166496753692627e-08, 2.9802322387695312e-08, 2.0489096641540527e-08, 3.5390257835388184e-08, 3.91155481338501e-08, 2.7939677238464355e-08]
14:[5.960464477539063e-08, 3.2782554626464844e-07, 2.2202730178833008e-06, 1.6391277313232422e-06, 1.7881393432617188e-07, 2.9802322387695312e-08, 1.4901161193847656e-08, 2.9802322387695312e-08, 1.9371509552001953e-07, 2.16066837310791e-06, 6.684660911560059e-05, 0.00010821223258972168, 0.00015729665756225586, 0.00013728439807891846, 1.0833144187927246e-05, 1.1622905731201172e-06, 4.470348358154297e-07, 1.4901161193847656e-08, 4.470348358154297e-08, 1.4901161193847656e-08, 4.470348358154297e-08, 1.3113021850585938e-06, 7.69197940826416e-05, 0.0001793205738067627, 0.00024102628231048584, 0.0002820044755935669, 0.00018490850925445557, 7.081031799316406e-05, 2.2277235984802246e-05, 2.2292137145996094e-05, 9.5367431640625e-07, 7.450580596923828e-08, 1.4901161193847656e-07, 1.043081283569336e-07, 1.4901161193847656e-08, 7.301568984985352e-07, 3.978610038757324e-06, 0.00014258921146392822, 0.00023673474788665771, 0.00027742981910705566, 0.00019000470638275146, 9.271502494812012e-05, 0.00010611116886138916, 4.868209362030029e-05, 9.781122207641602e-05, 1.2665987014770508e-06, 5.960464477539063e-08, 1.4901161193847656e-08, 1.4901161193847656e-07, 3.129243850708008e-07, 3.427267074584961e-07, 1.043081283569336e-07, 1.4901161193847656e-08, 7.450580596923828e-07, 7.838010787963867e-06, 0.00017656385898590088, 0.00015994906425476074, 5.552172660827637e-05, 3.039836883544922e-06, 5.960464477539062e-07, 2.0623207092285156e-05, 6.844103336334229e-05, 0.00022298097610473633, 8.642673492431641e-07, 5.960464477539063e-08, 8.940696716308594e-08, 1.9371509552001953e-07, 1.564621925354004e-06, 6.854534149169922e-07, 1.7881393432617188e-07, 1.4901161193847656e-08, 1.2218952178955078e-06, 1.189112663269043e-05, 0.0001859217882156372, 0.00010654330253601074, 2.5838613510131836e-05, 8.940696716308594e-08, 5.960464477539063e-08, 4.902482032775879e-06, 2.130866050720215e-05, 4.057586193084717e-05, 4.76837158203125e-07, 1.4901161193847656e-08, 1.1920928955078125e-07, 4.6193599700927734e-07, 3.0547380447387695e-06, 9.387731552124023e-07, 2.5331974029541016e-07, 1.4901161193847656e-08, 6.407499313354492e-07, 7.137656211853027e-06, 0.0001551806926727295, 9.472668170928955e-05, 2.2530555725097656e-05, 5.066394805908203e-07, 2.9802322387695312e-08, 1.6391277313232422e-07, 7.808208465576172e-06, 7.62939453125e-06, 4.6193599700927734e-07, 1.4901161193847656e-08, 7.450580596923828e-08, 3.2782554626464844e-07, 7.450580596923828e-07, 3.8743019104003906e-07, 7.450580596923828e-08, 6.109476089477539e-07, 2.8759241104125977e-06, 0.00010193884372711182, 0.0001119375228881836, 3.224611282348633e-05, 6.586313247680664e-06, 1.043081283569336e-07, 1.1920928955078125e-07, 2.682209014892578e-07, 8.940696716308594e-08, 1.4901161193847656e-08, 4.470348358154297e-08, 1.4901161193847656e-08, 1.4901161193847656e-08, 1.043081283569336e-07, 1.6391277313232422e-07, 1.1920928955078125e-07, 5.513429641723633e-07, 5.042552947998047e-05, 0.00011734664440155029, 5.4523348808288574e-05, 2.1010637283325195e-05, 1.4573335647583008e-05, 3.4123659133911133e-06, 3.039836883544922e-06, 4.127621650695801e-06, 5.885958671569824e-06, 1.0088086128234863e-05, 1.2993812561035156e-05, 9.819865226745605e-06, 1.2367963790893555e-06, 2.9802322387695312e-08, 1.0579824447631836e-06, 6.999075412750244e-05, 6.470084190368652e-05, 2.9981136322021484e-05, 3.966689109802246e-05, 2.7194619178771973e-05, 3.0443072319030762e-05, 3.37064266204834e-05, 5.106627941131592e-05, 6.523728370666504e-05, 6.151199340820312e-05, 1.2576580047607422e-05, 2.60770320892334e-06, 2.9802322387695312e-08, 8.344650268554688e-07, 1.0624527931213379e-05, 2.4825334548950195e-05, 4.762411117553711e-05, 6.41942024230957e-05, 6.937980651855469e-05, 8.629262447357178e-05, 0.00012549757957458496, 0.0001439303159713745, 8.888542652130127e-05, 2.111494541168213e-05, 2.4884939193725586e-06, 1.4901161193847656e-08, 4.470348358154297e-08, 3.5762786865234375e-07, 4.455447196960449e-06, 1.4588236808776855e-05, 3.1128525733947754e-05, 5.383789539337158e-05, 8.115172386169434e-05, 0.00010013580322265625, 7.744133472442627e-05, 3.0472874641418457e-05, 6.243586540222168e-06, 2.2351741790771484e-07, 1.4901161193847656e-08, 1.4901161193847656e-08, 1.4007091522216797e-06, 2.086162567138672e-06, 9.760260581970215e-06, 1.3515353202819824e-05, 2.390146255493164e-05, 2.5227665901184082e-05, 1.9311904907226562e-05, 4.380941390991211e-06, 3.039836883544922e-06, 1.4901161193847656e-08, 5.21540641784668e-07, 5.513429641723633e-07, 2.9206275939941406e-06, 3.4421682357788086e-06, 3.4123659133911133e-06, 1.5348196029663086e-06, 1.1324882507324219e-06, 1.4901161193847656e-08, 2.9802322387695312e-08, 4.470348358154297e-08, 1.4901161193847656e-08, 1.4901161193847656e-08]
15:[3.725290298461914e-09, 7.450580596923828e-09, 3.725290298461914e-09, 1.1175870895385742e-08, 3.3527612686157227e-08, 2.9802322387695312e-08, 2.60770320892334e-08, 3.725290298461914e-09, 7.450580596923828e-09, 7.450580596923828e-09, 1.1175870895385742e-08, 8.940696716308594e-08, 8.195638656616211e-08, 5.21540641784668e-08, 2.2351741790771484e-08, 7.450580596923828e-09, 2.2351741790771484e-08, 2.2351741790771484e-08, 3.725290298461914e-09, 7.450580596923828e-08, 1.9371509552001953e-07, 1.7508864402770996e-07, 4.842877388000488e-08, 7.450580596923828e-09, 3.725290298461914e-09, 2.2351741790771484e-08, 3.725290298461914e-09, 1.1920928955078125e-07, 2.3469328880310059e-07, 1.825392246246338e-07, 2.9802322387695312e-08, 1.1175870895385742e-08, 3.725290298461914e-09, 3.725290298461914e-09, 3.725290298461914e-09, 5.21540641784668e-08, 1.7136335372924805e-07, 2.5331974029541016e-07, 2.644956111907959e-07, 3.5278499126434326e-06, 3.2782554626464844e-06, 2.0489096641540527e-07, 1.4901161193847656e-08, 1.0058283805847168e-07, 4.5821070671081543e-07, 7.413327693939209e-07, 2.325698733329773e-05, 2.2955238819122314e-05, 4.038214683532715e-06, 2.0116567611694336e-07, 1.1175870895385742e-08, 4.470348358154297e-08, 4.3585896492004395e-07, 4.3213367462158203e-07, 1.30385160446167e-07, 8.940696716308594e-08, 3.725290298461914e-09, 1.1175870895385742e-08, 3.6135315895080566e-07, 7.115304470062256e-07, 3.99760901927948e-05, 3.2473355531692505e-05, 2.6151537895202637e-06, 2.2351741790771484e-08, 3.725290298461914e-09, 5.21540641784668e-08, 2.4586915969848633e-07, 1.914799213409424e-06, 3.505498170852661e-06, 5.003064870834351e-06, 4.712492227554321e-06, 4.023313522338867e-07, 1.6391277313232422e-07, 3.725290298461914e-09, 3.725290298461914e-09, 1.1175870895385742e-08, 1.1175870895385742e-08, 1.1175870895385742e-08, 5.587935447692871e-08, 3.501772880554199e-07, 4.827976226806641e-06, 8.344650268554688e-07, 4.842877388000488e-08, 6.332993507385254e-08, 3.725290298461914e-07, 3.244727849960327e-06, 8.456408977508545e-06, 1.3519078493118286e-05, 1.4387071132659912e-05, 9.547919034957886e-06, 3.8817524909973145e-06, 3.8743019104003906e-07, 1.1175870895385742e-08, 3.725290298461914e-09, 7.450580596923828e-08, 9.313225746154785e-08, 2.2351741790771484e-08, 1.1175870895385742e-08, 3.725290298461914e-09, 4.470348358154297e-08, 1.0058283805847168e-07, 1.4640390872955322e-06, 1.2777745723724365e-06, 2.2351741790771484e-08, 1.1175870895385742e-08, 4.842877388000488e-08, 1.601874828338623e-07, 1.3709068298339844e-06, 7.331371307373047e-06, 1.49458646774292e-05, 1.3962388038635254e-05, 6.206333637237549e-06, 5.997717380523682e-07, 4.842877388000488e-08, 7.450580596923828e-09, 3.725290298461914e-09, 1.4901161193847656e-08, 3.6135315895080566e-07, 3.650784492492676e-07, 1.601874828338623e-07, 2.60770320892334e-08, 1.564621925354004e-07, 1.4901161193847656e-08, 7.450580596923828e-09, 2.9802322387695312e-08, 8.195638656616211e-08, 4.6193599700927734e-07, 2.462416887283325e-06, 8.69855284690857e-06, 5.114823579788208e-06, 2.730637788772583e-06, 2.078711986541748e-06, 3.7997961044311523e-07, 1.4789402484893799e-06, 1.8961727619171143e-06, 1.4528632164001465e-07, 9.685754776000977e-08, 3.986060619354248e-07, 1.0579824447631836e-06, 9.797513484954834e-07, 3.3155083656311035e-07, 4.0978193283081055e-08, 3.0919909477233887e-07, 1.0654330253601074e-06, 1.7657876014709473e-06, 6.891787052154541e-07, 6.183981895446777e-07, 9.052455425262451e-07, 3.5762786865234375e-07, 1.6726553440093994e-06, 3.118067979812622e-06, 4.071742296218872e-06, 1.1175870895385742e-06, 9.685754776000977e-08, 5.62518835067749e-07, 3.0584633350372314e-06, 4.686415195465088e-06, 2.93925404548645e-06, 1.4901161193847656e-08, 5.21540641784668e-08, 7.450580596923828e-09, 6.705522537231445e-08, 3.0174851417541504e-07, 7.7858567237854e-07, 6.258487701416016e-07, 3.0547380447387695e-07, 6.332993507385254e-08, 3.129243850708008e-07, 1.4081597328186035e-06, 2.723187208175659e-06, 1.0073184967041016e-05, 1.1935830116271973e-05, 1.1030584573745728e-05, 7.700175046920776e-06, 1.1567026376724243e-05, 1.607462763786316e-05, 1.4510005712509155e-05, 2.93925404548645e-06, 9.313225746154785e-08, 1.601874828338623e-07, 5.848705768585205e-07, 7.450580596923828e-09, 1.4901161193847656e-08, 1.8998980522155762e-07, 2.7194619178771973e-07, 1.4528632164001465e-07, 2.9802322387695312e-08, 6.705522537231445e-08, 2.0116567611694336e-07, 1.3522803783416748e-06, 8.15466046333313e-06, 1.601502299308777e-05, 5.184486508369446e-05, 6.232783198356628e-05, 5.6084245443344116e-05, 5.535036325454712e-05, 5.0086528062820435e-05, 1.3433396816253662e-05, 1.773238182067871e-06, 4.842877388000488e-08, 1.4156103134155273e-07, 7.338821887969971e-07, 1.2926757335662842e-06, 1.4901161193847656e-08, 7.450580596923828e-09, 1.4901161193847656e-08, 1.862645149230957e-08, 7.450580596923828e-09, 1.862645149230957e-08, 3.3527612686157227e-08, 9.313225746154785e-08, 8.456408977508545e-07, 8.150935173034668e-06, 2.492964267730713e-05, 7.713213562965393e-05, 0.00012860819697380066, 0.00012150779366493225, 0.00010585412383079529, 4.390254616737366e-05, 6.418675184249878e-06, 1.0021030902862549e-06, 7.078051567077637e-08, 8.381903171539307e-07, 1.8812716007232666e-06, 1.3299286365509033e-06, 1.4901161193847656e-08, 1.1175870895385742e-08, 1.4901161193847656e-08, 1.862645149230957e-08, 1.825392246246338e-07, 1.7993152141571045e-06, 7.539987564086914e-06, 2.2251158952713013e-05, 4.722177982330322e-05, 4.207715392112732e-05, 1.7765909433364868e-05, 5.502253770828247e-06, 1.0170042514801025e-06, 6.332993507385254e-08, 6.258487701416016e-07, 1.8477439880371094e-06, 2.3171305656433105e-06, 3.46451997756958e-07, 3.725290298461914e-09, 1.1175870895385742e-08, 3.725290298461914e-09, 3.725290298461914e-09, 5.587935447692871e-08, 7.82310962677002e-08, 2.771615982055664e-06, 3.4943222999572754e-06, 8.899718523025513e-06, 8.001923561096191e-06, 6.172806024551392e-06, 5.774199962615967e-07, 5.178153514862061e-07, 3.0174851417541504e-07, 1.080334186553955e-06, 1.8961727619171143e-06, 1.2293457984924316e-06, 2.60770320892334e-08, 7.450580596923828e-09, 1.1175870895385742e-08, 7.450580596923828e-09, 3.725290298461914e-09, 1.862645149230957e-08, 2.60770320892334e-08, 4.880130290985107e-07, 6.332993507385254e-07, 4.3958425521850586e-07, 1.341104507446289e-07, 1.2665987014770508e-07, 1.0058283805847168e-07, 3.0919909477233887e-07, 9.313225746154785e-07, 7.897615432739258e-07, 1.9744038581848145e-07, 1.1175870895385742e-08, 1.4901161193847656e-08, 1.4901161193847656e-08, 1.1175870895385742e-08, 7.450580596923828e-09, 7.450580596923828e-09, 1.4901161193847656e-08, 2.60770320892334e-08, 2.60770320892334e-08, 2.60770320892334e-08, 4.470348358154297e-08, 7.450580596923828e-08, 2.682209014892578e-07, 2.5704503059387207e-07, 1.1175870895385742e-07, 3.725290298461914e-08, 7.450580596923828e-09, 7.450580596923828e-09, 1.1175870895385742e-08, 1.4901161193847656e-08, 1.1175870895385742e-08, 3.725290298461914e-09, 7.450580596923828e-09, 1.1175870895385742e-08, 1.862645149230957e-08, 3.3527612686157227e-08, 2.9802322387695312e-08, 1.4901161193847656e-08, 1.1175870895385742e-08, 7.450580596923828e-09, 1.1175870895385742e-08, 1.1175870895385742e-08, 1.1175870895385742e-08, 3.725290298461914e-09, 3.725290298461914e-09, 7.450580596923828e-09, 3.725290298461914e-09]
16:[1.4901161193847656e-08, 5.960464477539063e-08, 1.4901161193847656e-07, 1.4901161193847656e-07, 1.4901161193847656e-08, 2.9802322387695312e-08, 1.4901161193847656e-08, 4.470348358154297e-08, 1.7881393432617188e-07, 2.6971101760864258e-06, 2.8014183044433594e-06, 1.564621925354004e-05, 1.5541911125183105e-05, 2.950429916381836e-06, 9.98377799987793e-07, 1.1920928955078125e-07, 1.4901161193847656e-08, 1.4901161193847656e-08, 2.9802322387695312e-08, 2.5331974029541016e-07, 3.1441450119018555e-06, 6.988644599914551e-06, 7.593631744384766e-05, 9.046494960784912e-05, 0.00014194846153259277, 0.00012190639972686768, 2.2470951080322266e-05, 3.1739473342895508e-06, 2.0265579223632812e-06, 2.9802322387695312e-08, 4.470348358154297e-08, 5.960464477539063e-08, 8.940696716308594e-08, 1.043081283569336e-07, 4.470348358154297e-08, 2.9802322387695312e-08, 5.960464477539063e-08, 2.5331974029541016e-07, 1.2367963790893555e-06, 1.017749309539795e-05, 6.538629531860352e-05, 0.00021670758724212646, 0.0004172772169113159, 0.000552833080291748, 0.0004910975694656372, 0.00015760958194732666, 1.8730759620666504e-05, 2.205371856689453e-06, 4.470348358154297e-08, 5.960464477539063e-08, 1.043081283569336e-07, 1.6391277313232422e-07, 2.086162567138672e-07, 2.384185791015625e-07, 1.9371509552001953e-07, 1.1920928955078125e-07, 4.470348358154297e-08, 2.9802322387695312e-08, 1.1920928955078125e-07, 7.450580596923828e-07, 7.62939453125e-06, 5.1587820053100586e-05, 0.00018878281116485596, 0.0003754645586013794, 0.00048276782035827637, 0.00047838687896728516, 0.0002687126398086548, 8.340179920196533e-05, 5.4836273193359375e-05, 4.276633262634277e-06, 6.854534149169922e-07, 4.470348358154297e-08, 1.4901161193847656e-07, 2.682209014892578e-07, 4.470348358154297e-07, 4.172325134277344e-07, 2.8312206268310547e-07, 1.341104507446289e-07, 4.470348358154297e-08, 1.4901161193847656e-08, 4.470348358154297e-08, 2.682209014892578e-07, 1.9222497940063477e-06, 1.6227364540100098e-05, 6.540119647979736e-05, 0.00016923248767852783, 0.00017875432968139648, 0.0002646893262863159, 0.0002140253782272339, 6.337463855743408e-05, 4.1350722312927246e-05, 7.314980030059814e-05, 1.5467405319213867e-05, 2.041459083557129e-06, 1.4901161193847656e-08, 7.450580596923828e-08, 1.9371509552001953e-07, 2.384185791015625e-07, 2.086162567138672e-07, 1.6391277313232422e-07, 1.341104507446289e-07, 2.9802322387695312e-08, 1.4901161193847656e-08, 4.470348358154297e-08, 5.21540641784668e-07, 3.293156623840332e-06, 1.7061829566955566e-05, 5.510449409484863e-05, 6.937980651855469e-05, 7.864832878112793e-05, 7.311999797821045e-05, 2.1979212760925293e-05, 6.452202796936035e-06, 1.5139579772949219e-05, 5.836784839630127e-05, 1.8030405044555664e-05, 2.2202730178833008e-06, 5.960464477539063e-08, 8.940696716308594e-08, 1.043081283569336e-07, 5.960464477539063e-08, 4.470348358154297e-08, 1.4901161193847656e-08, 1.4901161193847656e-08, 2.9802322387695312e-08, 4.6193599700927734e-07, 2.250075340270996e-06, 7.793307304382324e-06, 1.1771917343139648e-05, 1.5616416931152344e-05, 1.6242265701293945e-05, 1.2472271919250488e-05, 1.882016658782959e-05, 2.0131468772888184e-05, 1.7181038856506348e-05, 2.790987491607666e-05, 1.093745231628418e-05, 1.9818544387817383e-06, 1.4901161193847656e-08, 1.4901161193847656e-08, 1.4901161193847656e-08, 1.4901161193847656e-08, 8.940696716308594e-08, 5.066394805908203e-07, 9.98377799987793e-07, 9.238719940185547e-07, 7.897615432739258e-07, 2.2202730178833008e-06, 1.0207295417785645e-05, 2.8401613235473633e-05, 4.6834349632263184e-05, 3.914535045623779e-05, 2.5287270545959473e-05, 6.556510925292969e-06, 9.08970832824707e-07, 2.9802322387695312e-08, 1.1920928955078125e-07, 3.427267074584961e-07, 2.980232238769531e-07, 2.8312206268310547e-07, 1.9669532775878906e-06, 1.4826655387878418e-05, 3.6582350730895996e-05, 4.976987838745117e-05, 3.7342309951782227e-05, 1.2606382369995117e-05, 4.172325134277344e-06, 1.7881393432617188e-07, 1.4901161193847656e-08, 7.450580596923828e-08, 1.9371509552001953e-07, 2.086162567138672e-07, 1.4901161193847656e-07, 1.9371509552001953e-07, 1.2382864952087402e-05, 1.9341707229614258e-05, 2.9787421226501465e-05, 2.1263957023620605e-05, 5.111098289489746e-06, 5.811452865600586e-07, 2.9802322387695312e-08, 7.450580596923828e-08, 2.682209014892578e-07, 3.2782554626464844e-07, 2.2351741790771484e-07, 2.5331974029541016e-07, 6.407499313354492e-07, 7.569789886474609e-06, 1.2278556823730469e-05, 6.809830665588379e-06, 1.1622905731201172e-06, 3.129243850708008e-07, 1.4901161193847656e-08, 1.043081283569336e-07, 3.8743019104003906e-07, 5.364418029785156e-07, 4.023313522338867e-07, 2.8312206268310547e-07, 5.811452865600586e-07, 1.1175870895385742e-06, 2.130866050720215e-06, 1.7434358596801758e-06, 3.725290298461914e-07, 7.450580596923828e-08, 1.1920928955078125e-07, 4.6193599700927734e-07, 5.960464477539062e-07, 4.6193599700927734e-07, 2.980232238769531e-07, 3.725290298461914e-07, 5.960464477539062e-07, 5.811452865600586e-07, 3.129243850708008e-07, 7.450580596923828e-08, 1.4901161193847656e-08, 8.940696716308594e-08, 2.384185791015625e-07, 2.682209014892578e-07, 2.2351741790771484e-07, 1.4901161193847656e-07, 1.6391277313232422e-07, 2.682209014892578e-07, 2.682209014892578e-07, 1.1920928955078125e-07, 2.9802322387695312e-08, 1.4901161193847656e-08, 2.9802322387695312e-08, 1.1920928955078125e-07, 1.4901161193847656e-07, 1.043081283569336e-07, 5.960464477539063e-08, 7.450580596923828e-08, 7.450580596923828e-08, 7.450580596923828e-08, 2.9802322387695312e-08, 1.4901161193847656e-08, 7.450580596923828e-08, 1.043081283569336e-07, 1.043081283569336e-07, 5.960464477539063e-08, 1.4901161193847656e-08, 1.4901161193847656e-08, 1.4901161193847656e-08, 2.9802322387695312e-08, 7.450580596923828e-08, 8.940696716308594e-08, 5.960464477539063e-08, 1.4901161193847656e-08, 1.4901161193847656e-08, 2.9802322387695312e-08, 2.9802322387695312e-08, 1.4901161193847656e-08, 1.4901161193847656e-08, 1.4901161193847656e-08, 1.4901161193847656e-08]
17:[3.725290298461914e-09, 3.725290298461914e-09, 3.725290298461914e-09, 3.725290298461914e-09, 7.450580596923828e-09, 3.725290298461914e-09, 3.725290298461914e-09, 3.725290298461914e-09, 3.725290298461914e-09, 2.60770320892334e-08, 7.078051567077637e-08, 1.7136335372924805e-07, 1.7136335372924805e-07, 2.421438694000244e-07, 2.7194619178771973e-07, 2.682209014892578e-07, 1.1548399925231934e-07, 3.725290298461914e-08, 7.450580596923828e-09, 1.4901161193847656e-08, 2.60770320892334e-08, 7.450580596923828e-08, 2.0489096641540527e-07, 3.688037395477295e-07, 1.087784767150879e-06, 1.1622905731201172e-06, 1.6801059246063232e-06, 1.7695128917694092e-06, 1.0654330253601074e-06, 5.21540641784668e-08, 1.4901161193847656e-08, 3.725290298461914e-09, 1.4901161193847656e-08, 1.862645149230957e-08, 7.078051567077637e-08, 1.4156103134155273e-07, 4.284083843231201e-07, 1.385807991027832e-06, 2.600252628326416e-06, 3.4049153327941895e-06, 4.284083843231201e-06, 5.070120096206665e-06, 3.214925527572632e-06, 4.3213367462158203e-07, 1.4901161193847656e-08, 3.725290298461914e-09, 1.1175870895385742e-08, 2.2351741790771484e-08, 7.078051567077637e-08, 1.1920928955078125e-07, 1.30385160446167e-07, 2.60770320892334e-07, 7.972121238708496e-07, 8.009374141693115e-07, 1.169741153717041e-06, 1.1809170246124268e-06, 9.238719940185547e-07, 1.4901161193847656e-07, 3.725290298461914e-08, 7.450580596923828e-09, 7.450580596923828e-09, 1.4901161193847656e-08, 4.470348358154297e-08, 7.078051567077637e-08, 5.587935447692871e-08, 9.685754776000977e-08, 9.685754776000977e-08, 8.940696716308594e-08, 8.940696716308594e-08, 9.313225746154785e-08, 1.1920928955078125e-07, 8.195638656616211e-08, 7.450580596923828e-09, 7.450580596923828e-09, 3.725290298461914e-09, 3.725290298461914e-09, 3.725290298461914e-09, 3.725290298461914e-09, 7.450580596923828e-09, 3.725290298461914e-09, 3.725290298461914e-09, 2.2351741790771484e-08, 1.6391277313232422e-07, 1.7136335372924805e-07, 2.980232238769531e-07, 2.980232238769531e-07, 1.4901161193847656e-08, 1.4901161193847656e-08, 6.705522537231445e-08, 1.0058283805847168e-07, 7.078051567077637e-08, 2.60770320892334e-08, 3.725290298461914e-09, 1.4901161193847656e-08, 1.601874828338623e-07, 9.126961231231689e-07, 2.0563602447509766e-06, 1.996755599975586e-06, 1.516193151473999e-06, 7.413327693939209e-07, 7.450580596923828e-08, 3.725290298461914e-09, 1.862645149230957e-08, 1.9371509552001953e-07, 4.6193599700927734e-07, 3.390014171600342e-07, 1.30385160446167e-07, 3.3527612686157227e-08, 1.1175870895385742e-08, 1.862645149230957e-08, 2.644956111907959e-07, 1.210719347000122e-06, 6.243586540222168e-06, 2.944469451904297e-05, 3.668293356895447e-05, 4.9136579036712646e-05, 4.318729043006897e-05, 5.822628736495972e-06, 2.60770320892334e-08, 3.725290298461914e-09, 7.078051567077637e-08, 7.189810276031494e-07, 1.0915100574493408e-06, 7.413327693939209e-07, 2.7939677238464355e-07, 2.9802322387695312e-08, 7.450580596923828e-09, 2.60770320892334e-08, 2.4959444999694824e-07, 8.717179298400879e-07, 3.773719072341919e-06, 2.0269304513931274e-05, 2.3461878299713135e-05, 3.590807318687439e-05, 4.253163933753967e-05, 1.033395528793335e-05, 4.932284355163574e-06, 3.725290298461914e-09, 1.4901161193847656e-08, 1.7136335372924805e-07, 9.5367431640625e-07, 1.1101365089416504e-06, 7.115304470062256e-07, 2.682209014892578e-07, 1.862645149230957e-08, 1.1175870895385742e-08, 2.9802322387695312e-08, 5.62518835067749e-07, 1.3262033462524414e-06, 1.4640390872955322e-06, 1.5087425708770752e-06, 2.127140760421753e-06, 3.4980475902557373e-06, 1.0035932064056396e-05, 1.4681369066238403e-05, 1.2181699275970459e-05, 2.9243528842926025e-06, 1.564621925354004e-07, 2.2351741790771484e-08, 3.725290298461914e-09, 4.0978193283081055e-08, 2.7939677238464355e-07, 1.125037670135498e-06, 1.2852251529693604e-06, 7.450580596923828e-07, 2.421438694000244e-07, 2.2351741790771484e-08, 1.4901161193847656e-08, 2.3096799850463867e-07, 1.169741153717041e-06, 4.608184099197388e-06, 1.1194497346878052e-05, 1.0870397090911865e-05, 9.559094905853271e-06, 7.659196853637695e-06, 2.08243727684021e-06, 6.962567567825317e-06, 1.3753771781921387e-05, 1.3459473848342896e-05, 1.0915100574493408e-06, 1.30385160446167e-07, 1.862645149230957e-08, 7.450580596923828e-09, 5.21540641784668e-08, 3.91155481338501e-07, 1.601874828338623e-06, 1.7955899238586426e-06, 1.0468065738677979e-06, 4.246830940246582e-07, 5.21540641784668e-08, 2.60770320892334e-08, 3.2782554626464844e-07, 1.6652047634124756e-06, 1.3589859008789062e-05, 7.883459329605103e-05, 0.00014913827180862427, 0.00011708959937095642, 6.69434666633606e-05, 1.9628554582595825e-05, 1.0818243026733398e-05, 1.0542571544647217e-05, 1.539662480354309e-05, 2.380460500717163e-06, 4.76837158203125e-07, 1.862645149230957e-08, 7.450580596923828e-09, 8.195638656616211e-08, 5.587935447692871e-07, 2.4400651454925537e-06, 4.392117261886597e-06, 2.909451723098755e-06, 6.854534149169922e-07, 1.7508864402770996e-07, 1.862645149230957e-08, 3.0174851417541504e-07, 9.015202522277832e-07, 7.145106792449951e-06, 5.4795295000076294e-05, 0.00018480420112609863, 0.000210590660572052, 0.00016530603170394897, 0.00010379403829574585, 1.4007091522216797e-05, 1.1917203664779663e-05, 1.5556812286376953e-05, 4.161149263381958e-06, 9.462237358093262e-07, 1.1920928955078125e-07, 7.450580596923828e-09, 1.601874828338623e-07, 1.1175870895385742e-06, 5.6140124797821045e-06, 1.3522803783416748e-05, 7.990747690200806e-06, 1.6354024410247803e-06, 1.7881393432617188e-07, 2.2351741790771484e-08, 1.4901161193847656e-08, 3.390014171600342e-07, 1.7210841178894043e-06, 1.9866973161697388e-05, 0.0001363009214401245, 0.00021164864301681519, 0.00016636401414871216, 0.00014692172408103943, 5.725398659706116e-05, 3.135576844215393e-05, 2.6378780603408813e-05, 9.216368198394775e-06, 2.298504114151001e-06, 1.1920928955078125e-07, 1.4901161193847656e-08, 1.6763806343078613e-07, 1.6614794731140137e-06, 1.015886664390564e-05, 1.6167759895324707e-05, 8.031725883483887e-06, 1.7285346984863281e-06, 1.9744038581848145e-07, 2.2351741790771484e-08, 7.450580596923828e-09, 1.1175870895385742e-08, 2.421438694000244e-07, 2.16066837310791e-06, 2.5276094675064087e-05, 9.246543049812317e-05, 0.00016450509428977966, 0.00016788765788078308, 9.809061884880066e-05, 6.235018372535706e-05, 3.595277667045593e-05, 1.2118369340896606e-05, 1.6614794731140137e-06, 2.60770320892334e-08, 1.4901161193847656e-08, 1.5273690223693848e-07, 1.8328428268432617e-06, 1.1648982763290405e-05, 1.2014061212539673e-05, 5.815178155899048e-06, 8.717179298400879e-07, 1.1548399925231934e-07, 2.9802322387695312e-08, 7.450580596923828e-09, 1.0058283805847168e-07, 2.384185791015625e-07, 6.504356861114502e-06, 1.722574234008789e-05, 2.767890691757202e-05, 3.4831464290618896e-05, 3.306195139884949e-05, 6.236135959625244e-06, 1.5869736671447754e-06, 5.960464477539063e-08, 1.30385160446167e-07, 1.12876296043396e-06, 5.844980478286743e-06, 3.3080577850341797e-06, 1.0952353477478027e-06, 1.2665987014770508e-07, 5.960464477539063e-08, 1.1175870895385742e-08, 7.450580596923828e-09, 3.725290298461914e-09, 4.842877388000488e-08, 5.21540641784668e-08, 5.461275577545166e-06, 5.5655837059021e-06, 9.655952453613281e-06, 9.6149742603302e-06, 9.611248970031738e-07, 7.450580596923828e-08, 9.685754776000977e-08, 3.427267074584961e-07, 9.164214134216309e-07, 5.699694156646729e-07, 7.078051567077637e-08, 7.450580596923828e-08, 7.450580596923828e-09, 7.450580596923828e-09, 3.725290298461914e-09, 8.568167686462402e-08, 8.940696716308594e-08, 4.0978193283081055e-08, 1.1175870895385742e-08, 3.725290298461914e-09, 2.9802322387695312e-08, 5.21540641784668e-08, 3.3527612686157227e-08]
18:[7.450580596923828e-09, 7.450580596923828e-09, 2.2351741790771484e-08, 2.9802322387695312e-08, 2.9802322387695312e-08, 2.2351741790771484e-08, 1.4901161193847656e-08, 7.450580596923828e-08, 1.564621925354004e-07, 1.1175870895385742e-07, 3.725290298461914e-08, 3.725290298461914e-08, 1.7136335372924805e-07, 3.725290298461914e-07, 8.046627044677734e-07, 4.842877388000488e-07, 5.960464477539063e-08, 2.9802322387695312e-08, 1.043081283569336e-07, 5.066394805908203e-07, 9.462237358093262e-07, 1.1920928955078125e-06, 5.513429641723633e-07, 1.2665987014770508e-07, 3.725290298461914e-08, 1.341104507446289e-07, 6.631016731262207e-07, 1.1473894119262695e-06, 9.909272193908691e-07, 3.427267074584961e-07, 1.2665987014770508e-07, 7.450580596923828e-09, 7.450580596923828e-09, 6.705522537231445e-08, 2.0116567611694336e-07, 2.2351741790771484e-07, 1.564621925354004e-07, 8.195638656616211e-08, 2.2351741790771484e-08, 7.450580596923828e-09, 1.4901161193847656e-08, 1.4901161193847656e-08, 1.4901161193847656e-08, 3.725290298461914e-08, 9.685754776000977e-08, 7.450580596923828e-08, 4.470348358154297e-08, 3.725290298461914e-08, 7.450580596923828e-09, 2.9802322387695312e-08, 8.195638656616211e-08, 8.195638656616211e-08, 3.725290298461914e-08, 7.450580596923828e-09, 7.450580596923828e-09, 7.450580596923828e-09, 5.21540641784668e-08, 1.341104507446289e-07, 1.2665987014770508e-07, 8.195638656616211e-08, 6.705522537231445e-08, 3.725290298461914e-08, 3.725290298461914e-08, 7.450580596923828e-09, 7.450580596923828e-09, 1.4901161193847656e-08, 7.450580596923828e-08, 2.384185791015625e-07, 5.736947059631348e-07, 8.195638656616211e-08, 7.450580596923828e-09, 6.705522537231445e-08, 1.4156103134155273e-07, 3.427267074584961e-07, 4.246830940246582e-07, 3.725290298461914e-07, 3.8743019104003906e-07, 3.5762786865234375e-07, 2.384185791015625e-07, 2.0116567611694336e-07, 7.450580596923828e-09, 7.450580596923828e-09, 3.725290298461914e-08, 3.427267074584961e-07, 8.344650268554688e-07, 1.2442469596862793e-06, 8.642673492431641e-07, 1.4901161193847656e-08, 8.940696716308594e-08, 3.427267074584961e-07, 8.121132850646973e-07, 9.98377799987793e-07, 1.0356307029724121e-06, 1.1175870895385742e-06, 1.1846423149108887e-06, 1.0281801223754883e-06, 5.513429641723633e-07, 2.9802322387695312e-08, 2.9802322387695312e-08, 1.4901161193847656e-08, 8.940696716308594e-08, 5.960464477539062e-07, 1.296401023864746e-06, 9.760260581970215e-07, 1.1175870895385742e-07, 2.2351741790771484e-08, 1.2665987014770508e-07, 6.109476089477539e-07, 1.3262033462524414e-06, 1.430511474609375e-06, 1.1771917343139648e-06, 1.2814998626708984e-06, 1.3262033462524414e-06, 1.125037670135498e-06, 7.674098014831543e-07, 5.587935447692871e-07, 2.7567148208618164e-07, 5.21540641784668e-08, 3.725290298461914e-08, 5.960464477539063e-08, 8.344650268554688e-07, 5.885958671569824e-07, 2.0116567611694336e-07, 2.9802322387695312e-08, 3.725290298461914e-08, 2.086162567138672e-07, 7.003545761108398e-07, 1.2293457984924316e-06, 1.1324882507324219e-06, 9.08970832824707e-07, 1.30385160446167e-06, 1.4603137969970703e-06, 2.1383166313171387e-06, 8.717179298400879e-07, 5.736947059631348e-07, 2.60770320892334e-07, 1.564621925354004e-07, 1.4901161193847656e-08, 2.9802322387695312e-08, 4.470348358154297e-08, 5.960464477539063e-08, 7.450580596923828e-08, 8.940696716308594e-08, 8.940696716308594e-08, 1.4901161193847656e-08, 1.4901161193847656e-08, 8.940696716308594e-08, 2.682209014892578e-07, 5.811452865600586e-07, 7.599592208862305e-07, 5.587935447692871e-07, 4.544854164123535e-07, 9.313225746154785e-07, 4.3585896492004395e-06, 5.0514936447143555e-06, 3.2410025596618652e-06, 2.8759241104125977e-06, 1.5795230865478516e-06, 7.37607479095459e-07, 3.501772880554199e-07, 7.450580596923828e-09, 7.450580596923828e-09, 1.4901161193847656e-08, 2.9802322387695312e-08, 7.450580596923828e-08, 1.1175870895385742e-07, 7.450580596923828e-08, 1.4901161193847656e-08, 2.2351741790771484e-08, 1.1175870895385742e-07, 2.682209014892578e-07, 4.023313522338867e-07, 1.9371509552001953e-07, 8.940696716308594e-08, 1.1920928955078125e-07, 4.172325134277344e-07, 2.1010637283325195e-06, 4.075467586517334e-06, 6.3925981521606445e-06, 9.588897228240967e-06, 6.809830665588379e-06, 2.4139881134033203e-06, 3.8743019104003906e-07, 1.4901161193847656e-08, 4.470348358154297e-08, 8.940696716308594e-08, 8.940696716308594e-08, 1.4901161193847656e-08, 2.2351741790771484e-08, 1.1920928955078125e-07, 2.1606683731079102e-07, 2.086162567138672e-07, 7.450580596923828e-08, 3.725290298461914e-08, 6.705522537231445e-08, 5.140900611877441e-07, 1.9669532775878906e-06, 3.3676624298095703e-06, 5.289912223815918e-06, 3.9637088775634766e-06, 4.589557647705078e-06, 1.773238182067871e-06, 3.948807716369629e-06, 1.259148120880127e-06, 7.450580596923828e-09, 7.450580596923828e-09, 2.2351741790771484e-08, 6.705522537231445e-08, 1.4901161193847656e-08, 1.4901161193847656e-08, 8.195638656616211e-08, 1.6391277313232422e-07, 1.043081283569336e-07, 2.2351741790771484e-08, 4.470348358154297e-08, 5.736947059631348e-07, 2.0936131477355957e-06, 3.4943222999572754e-06, 1.1451542377471924e-05, 1.0766088962554932e-05, 5.766749382019043e-06, 2.5853514671325684e-06, 5.424022674560547e-06, 3.3676624298095703e-06, 9.462237358093262e-07, 2.9802322387695312e-08, 7.450580596923828e-09, 7.450580596923828e-09, 5.960464477539063e-08, 9.685754776000977e-08, 4.470348358154297e-08, 4.470348358154297e-08, 8.195638656616211e-07, 2.339482307434082e-06, 2.0779669284820557e-05, 3.0212104320526123e-05, 2.41696834564209e-05, 1.4513731002807617e-05, 5.8710575103759766e-06, 5.103647708892822e-06, 3.4943222999572754e-06, 1.8030405044555664e-06, 2.1606683731079102e-07, 4.470348358154297e-08, 7.450580596923828e-09, 2.2351741790771484e-08, 2.9802322387695312e-08, 1.4901161193847656e-08, 7.450580596923828e-09, 7.003545761108398e-07, 4.038214683532715e-06, 2.9608607292175293e-05, 5.923956632614136e-05, 4.582107067108154e-05, 3.353506326675415e-05, 9.760260581970215e-06, 2.3245811462402344e-06, 6.876885890960693e-06, 3.6209821701049805e-06, 2.1606683731079102e-07, 1.4901161193847656e-08, 7.450580596923828e-09, 7.450580596923828e-09, 7.450580596923828e-09, 4.3958425521850586e-07, 6.57886266708374e-06, 3.0443072319030762e-05, 5.1759183406829834e-05, 4.511326551437378e-05, 4.0218234062194824e-05, 1.7948448657989502e-05, 7.1302056312561035e-06, 2.9578804969787598e-06, 1.6242265701293945e-06, 2.086162567138672e-07, 1.4901161193847656e-08, 1.7881393432617188e-07, 6.280839443206787e-06, 3.6738812923431396e-05, 6.098300218582153e-05, 8.61436128616333e-05, 5.5909156799316406e-05, 1.9125640392303467e-05, 7.502734661102295e-06, 3.2782554626464844e-06, 9.015202522277832e-07, 1.7881393432617188e-07, 1.564621925354004e-07, 4.16487455368042e-06, 3.460794687271118e-05, 8.842349052429199e-05, 0.0001308545470237732, 6.439536809921265e-05, 1.4893710613250732e-05, 4.76837158203125e-06, 1.9297003746032715e-06, 4.917383193969727e-07, 5.960464477539063e-08, 1.1175870895385742e-07, 3.5688281059265137e-06, 3.256648778915405e-05, 8.460879325866699e-05, 0.00010686367750167847, 5.453824996948242e-05, 1.0326504707336426e-05, 2.0116567611694336e-06, 3.8743019104003906e-07, 1.043081283569336e-07, 7.450580596923828e-09, 4.470348358154297e-08, 2.250075340270996e-06, 1.1816620826721191e-05, 5.026906728744507e-05, 0.00010324269533157349, 7.012486457824707e-05, 2.0131468772888184e-05, 2.3096799850463867e-06, 4.0978193283081055e-07, 1.4901161193847656e-08, 7.450580596923828e-09, 7.450580596923828e-09, 7.450580596923828e-09, 4.470348358154297e-08, 8.195638656616211e-08, 9.641051292419434e-06, 1.4059245586395264e-05, 5.135685205459595e-05, 4.343688488006592e-05, 1.4103949069976807e-05, 1.1026859283447266e-06, 3.501772880554199e-07, 1.4901161193847656e-08, 1.4901161193847656e-08, 7.450580596923828e-09, 2.2351741790771484e-08, 1.1920928955078125e-07, 2.436339855194092e-06, 5.5655837059021e-06, 6.310641765594482e-06, 1.9073486328125e-06, 5.066394805908203e-07, 1.4901161193847656e-08, 3.725290298461914e-08, 1.4901161193847656e-08, 7.450580596923828e-09, 1.4901161193847656e-08, 2.9802322387695312e-08, 2.9802322387695312e-08, 7.450580596923828e-09, 6.705522537231445e-08, 3.725290298461914e-08, 7.450580596923828e-09, 7.450580596923828e-09, 7.450580596923828e-09, 4.470348358154297e-08, 2.9802322387695312e-08, 7.450580596923828e-09, 6.705522537231445e-08, 7.450580596923828e-08, 3.725290298461914e-08, 2.9802322387695312e-08, 7.450580596923828e-09, 7.450580596923828e-09, 8.195638656616211e-08, 3.725290298461914e-08, 2.3096799850463867e-07, 1.564621925354004e-07, 7.450580596923828e-08, 5.21540641784668e-08, 4.470348358154297e-08, 2.2351741790771484e-08, 7.450580596923828e-09, 7.450580596923828e-09, 1.4901161193847656e-08, 1.4901161193847656e-08, 1.4901161193847656e-08, 7.450580596923828e-09, 1.4901161193847656e-08, 1.4901161193847656e-08]
19:[7.450580596923828e-09, 7.450580596923828e-09, 7.450580596923828e-09, 7.450580596923828e-09, 2.2351741790771484e-08, 2.2351741790771484e-08, 7.450580596923828e-09, 4.470348358154297e-08, 4.470348358154297e-08, 1.4901161193847656e-08, 7.450580596923828e-09, 3.725290298461914e-08, 7.450580596923828e-08, 4.470348358154297e-08, 7.450580596923828e-09, 2.2351741790771484e-08, 6.705522537231445e-08, 4.470348358154297e-08, 7.450580596923828e-09, 7.450580596923828e-09, 5.960464477539063e-08, 4.470348358154297e-08, 7.450580596923828e-09, 7.450580596923828e-09, 3.725290298461914e-08, 2.9802322387695312e-08, 7.450580596923828e-09, 7.450580596923828e-09, 2.9802322387695312e-08, 2.9802322387695312e-08, 7.450580596923828e-09, 7.450580596923828e-09, 1.4901161193847656e-08, 7.450580596923828e-09, 7.450580596923828e-09, 7.450580596923828e-09, 7.450580596923828e-09, 7.450580596923828e-09, 7.450580596923828e-09, 1.4901161193847656e-08, 3.725290298461914e-08, 2.2351741790771484e-08, 7.450580596923828e-09, 2.9802322387695312e-08, 8.195638656616211e-08, 7.450580596923828e-09, 1.4901161193847656e-08, 5.21540641784668e-08, 1.043081283569336e-07, 1.9371509552001953e-07, 1.4901161193847656e-07, 1.4901161193847656e-08, 2.9802322387695312e-08, 1.2665987014770508e-07, 7.450580596923828e-09, 2.9802322387695312e-08, 7.450580596923828e-09, 5.21540641784668e-08, 1.7136335372924805e-07, 5.140900611877441e-07, 6.109476089477539e-07, 1.564621925354004e-07, 1.4901161193847656e-08, 2.384185791015625e-07, 7.450580596923828e-08, 1.4901161193847656e-08, 1.1920928955078125e-07, 5.587935447692871e-07, 1.087784767150879e-06, 8.940696716308594e-07, 3.8743019104003906e-07, 1.4901161193847656e-08, 1.1920928955078125e-07, 4.470348358154297e-08, 7.450580596923828e-09, 7.450580596923828e-09, 4.470348358154297e-08, 3.725290298461914e-07, 1.6242265701293945e-06, 2.8461217880249023e-06, 1.430511474609375e-06, 3.8743019104003906e-07, 5.960464477539063e-08, 1.2665987014770508e-07, 6.705522537231445e-08, 2.2351741790771484e-08, 1.341104507446289e-07, 7.897615432739258e-07, 2.6971101760864258e-06, 4.120171070098877e-06, 2.5033950805664062e-06, 3.7997961044311523e-07, 1.4901161193847656e-08, 7.450580596923828e-09, 1.2665987014770508e-07, 6.705522537231445e-08, 1.2665987014770508e-07, 1.341104507446289e-07, 2.2351741790771484e-08, 1.7881393432617188e-07, 1.1920928955078125e-06, 4.7907233238220215e-06, 5.990266799926758e-06, 2.2798776626586914e-06, 1.6391277313232422e-07, 3.725290298461914e-08, 2.9802322387695312e-08, 7.450580596923828e-09, 1.564621925354004e-07, 3.948807716369629e-07, 3.725290298461914e-07, 2.2351741790771484e-08, 2.0116567611694336e-07, 1.5944242477416992e-06, 7.338821887969971e-06, 5.401670932769775e-06, 1.7136335372924805e-06, 8.940696716308594e-08, 8.195638656616211e-08, 1.4901161193847656e-08, 1.2665987014770508e-07, 1.341104507446289e-07, 2.2351741790771484e-08, 2.086162567138672e-07, 1.5497207641601562e-06, 7.621943950653076e-06, 4.254281520843506e-06, 9.760260581970215e-07, 2.9802322387695312e-08, 7.450580596923828e-09, 1.4901161193847656e-08, 1.7136335372924805e-07, 1.3336539268493652e-06, 7.033348083496094e-06, 3.5762786865234375e-06, 9.5367431640625e-07, 2.9802322387695312e-08, 7.450580596923828e-09, 8.195638656616211e-08, 9.387731552124023e-07, 5.841255187988281e-06, 2.9802322387695312e-06, 6.407499313354492e-07, 7.450580596923828e-08, 8.940696716308594e-08, 2.9802322387695312e-08, 5.21540641784668e-08, 5.885958671569824e-07, 4.343688488006592e-06, 3.904104232788086e-06, 1.430511474609375e-06, 4.544854164123535e-07, 3.501772880554199e-07, 1.4901161193847656e-07, 3.725290298461914e-08, 3.501772880554199e-07, 2.2873282432556152e-06, 2.5704503059387207e-06, 3.1515955924987793e-06, 2.1830201148986816e-06, 6.332993507385254e-07, 2.3096799850463867e-07, 5.21540641784668e-08, 7.450580596923828e-09, 7.450580596923828e-09, 1.4156103134155273e-07, 1.087784767150879e-06, 2.4959444999694824e-06, 3.4570693969726562e-06, 2.8386712074279785e-06, 1.4677643775939941e-06, 4.544854164123535e-07, 1.1920928955078125e-07, 2.2351741790771484e-08, 3.725290298461914e-08, 4.172325134277344e-07, 1.8253922462463379e-06, 2.7865171432495117e-06, 2.302229404449463e-06, 1.2665987014770508e-06, 7.748603820800781e-07, 3.948807716369629e-07, 2.9802322387695312e-08, 1.4901161193847656e-08, 1.2665987014770508e-07, 1.1026859283447266e-06, 2.5257468223571777e-06, 2.332031726837158e-06, 2.1383166313171387e-06, 1.0728836059570312e-06, 1.1920928955078125e-07, 7.450580596923828e-09, 3.725290298461914e-08, 2.980232238769531e-07, 1.7210841178894043e-06, 2.0191073417663574e-06, 2.078711986541748e-06, 4.76837158203125e-07, 5.960464477539063e-08, 5.21540641784668e-08, 1.862645149230957e-07, 2.60770320892334e-07, 1.9371509552001953e-07, 9.685754776000977e-08, 1.4901161193847656e-08, 1.4901161193847656e-08, 3.725290298461914e-08, 9.685754776000977e-08, 6.705522537231445e-08, 7.450580596923828e-09, 2.2351741790771484e-08, 2.2351741790771484e-08, 2.9802322387695312e-08, 7.450580596923828e-09, 7.450580596923828e-09, 7.450580596923828e-09, 7.450580596923828e-09]
20:[3.725290298461914e-09, 3.725290298461914e-09, 3.725290298461914e-09, 7.450580596923828e-09, 1.1175870895385742e-08, 3.725290298461914e-09, 3.725290298461914e-09, 7.450580596923828e-09, 2.60770320892334e-08, 1.862645149230957e-08, 7.450580596923828e-09, 3.725290298461914e-09, 1.1175870895385742e-08, 2.60770320892334e-08, 1.862645149230957e-08, 7.450580596923828e-09, 3.725290298461914e-09, 1.1175870895385742e-08, 1.862645149230957e-08, 1.1175870895385742e-08, 3.725290298461914e-09, 3.725290298461914e-09]
21:[]
22:[]
23:[]
