0:[]
1:[]
2:[]
3:[]
4:[1.6927719116210938e-05, 1.71661376953125e-05, 8.821487426757812e-06, 4.8160552978515625e-05, 7.128715515136719e-05, 3.528594970703125e-05, 1.52587890625e-05, 3.0040740966796875e-05]
5:[2.384185791015625e-07]
6:[1.6689300537109375e-06, 1.1920928955078125e-06, 2.384185791015625e-06, 7.152557373046875e-07, 1.8358230590820312e-05, 9.059906005859375e-06, 2.7418136596679688e-05, 9.059906005859375e-06]
7:[2.384185791015625e-07, 6.4373016357421875e-06, 6.67572021484375e-06, 4.76837158203125e-07, 2.384185791015625e-07, 4.291534423828125e-06, 1.8596649169921875e-05, 9.059906005859375e-06, 1.52587890625e-05, 9.059906005859375e-06, 9.298324584960938e-06, 9.298324584960938e-06, 7.152557373046875e-07, 1.9073486328125e-05, 3.2901763916015625e-05, 1.5497207641601562e-05, 2.384185791015625e-07, 2.384185791015625e-07, 2.384185791015625e-07, 1.1444091796875e-05, 1.1444091796875e-05, 2.384185791015625e-07, 2.384185791015625e-07, 2.6226043701171875e-06]
8:[1.430511474609375e-06, 2.86102294921875e-06, 1.811981201171875e-05, 1.1444091796875e-05, 2.6226043701171875e-06, 8.821487426757812e-06, 7.152557373046875e-06, 1.6689300537109375e-06, 5.7220458984375e-06, 5.7220458984375e-06, 1.621246337890625e-05, 2.1457672119140625e-05, 1.1920928955078125e-06, 1.1920928955078125e-06, 8.58306884765625e-06, 6.4373016357421875e-06, 3.123283386230469e-05, 4.7206878662109375e-05, 1.239776611328125e-05, 2.384185791015625e-07, 1.9073486328125e-06, 3.0994415283203125e-06, 2.1457672119140625e-05, 1.9788742065429688e-05, 2.0503997802734375e-05, 3.24249267578125e-05, 1.239776611328125e-05, 3.337860107421875e-06, 3.337860107421875e-06, 3.5762786865234375e-06, 2.384185791015625e-05, 1.6689300537109375e-05, 1.6689300537109375e-05, 4.291534423828125e-06, 3.814697265625e-06, 3.170967102050781e-05, 4.00543212890625e-05, 9.059906005859375e-06, 3.814697265625e-06, 3.814697265625e-06, 3.814697265625e-06]
9:[4.291534423828125e-06, 7.271766662597656e-05, 7.724761962890625e-05, 1.3589859008789062e-05, 2.0265579223632812e-05, 0.00012445449829101562, 0.00021409988403320312, 0.00028443336486816406, 0.0001900196075439453, 7.653236389160156e-05, 2.384185791015625e-07, 3.886222839355469e-05, 0.00013065338134765625, 0.0002505779266357422, 0.00032448768615722656, 0.00043964385986328125, 0.00040030479431152344, 0.00016069412231445312, 1.9073486328125e-06, 0.00013828277587890625, 0.0002548694610595703, 0.00025582313537597656, 0.00027871131896972656, 0.00041747093200683594, 0.0005130767822265625, 0.00027632713317871094, 7.486343383789062e-05, 0.00016069412231445312, 0.0002090930938720703, 0.00021910667419433594, 0.0001671314239501953, 0.00010633468627929688, 0.00030684471130371094, 0.0004296302795410156, 0.000408172607421875, 0.0001399517059326172, 6.4849853515625e-05, 0.00010704994201660156, 0.0001690387725830078, 0.0001277923583984375, 6.222724914550781e-05, 0.00012612342834472656, 0.00021600723266601562, 0.00016498565673828125, 4.124641418457031e-05, 7.152557373046875e-07, 7.724761962890625e-05, 0.00015282630920410156, 0.0001659393310546875, 8.0108642578125e-05, 0.00010919570922851562, 0.000125885009765625, 5.650520324707031e-05, 2.384185791015625e-07, 6.437301635742188e-05, 0.0001361370086669922, 0.00013780593872070312, 7.152557373046875e-05, 4.506111145019531e-05, 4.673004150390625e-05, 2.574920654296875e-05, 3.5762786865234375e-06, 7.510185241699219e-05, 7.677078247070312e-05, 3.600120544433594e-05, 4.76837158203125e-07, 3.337860107421875e-06, 5.4836273193359375e-06, 1.430511474609375e-06, 2.384185791015625e-07, 7.152557373046875e-07, 2.384185791015625e-07, 2.384185791015625e-07, 2.384185791015625e-07, 2.384185791015625e-07, 5.9604644775390625e-06, 5.4836273193359375e-06, 7.152557373046875e-07, 1.6689300537109375e-06, 7.152557373046875e-07]
10:[1.6689300537109375e-06, 2.5033950805664062e-06, 1.6689300537109375e-06, 6.67572021484375e-06, 2.384185791015625e-07, 2.384185791015625e-07, 2.384185791015625e-07, 1.1920928955078125e-07, 3.5762786865234375e-07, 2.384185791015625e-07, 1.1920928955078125e-07, 1.1920928955078125e-07, 2.384185791015625e-07, 1.1920928955078125e-07, 4.172325134277344e-06, 7.62939453125e-06, 7.510185241699219e-06, 7.62939453125e-06, 5.125999450683594e-06, 1.1920928955078125e-07, 1.1920928955078125e-07, 2.968311309814453e-05, 3.62396240234375e-05, 4.9948692321777344e-05, 4.947185516357422e-05, 8.630752563476562e-05, 8.356571197509766e-05, 2.1219253540039062e-05, 5.4001808166503906e-05, 7.87973403930664e-05, 0.0001138448715209961, 0.00014853477478027344, 0.00019693374633789062, 0.0002652406692504883, 0.0003020763397216797, 9.691715240478516e-05, 1.4066696166992188e-05, 7.62939453125e-06, 7.49826431274414e-05, 0.00014841556549072266, 0.00019073486328125, 0.0002607107162475586, 0.00037169456481933594, 0.0004639625549316406, 0.0004253387451171875, 0.00014400482177734375, 1.6927719116210938e-05, 1.5854835510253906e-05, 9.97781753540039e-05, 0.00018298625946044922, 0.00028383731842041016, 0.0003453493118286133, 0.0004233121871948242, 0.0003377199172973633, 0.00022685527801513672, 4.303455352783203e-05, 1.6927719116210938e-05, 2.6464462280273438e-05, 0.00011563301086425781, 0.0002187490463256836, 0.00029718875885009766, 0.00035381317138671875, 0.0002796649932861328, 0.00017201900482177734, 7.748603820800781e-05, 3.5762786865234375e-06, 4.029273986816406e-05, 0.00011527538299560547, 0.00020837783813476562, 0.00023162364959716797, 0.00020241737365722656, 0.00012803077697753906, 6.437301635742188e-05, 3.6835670471191406e-05, 8.547306060791016e-05, 0.00011360645294189453, 8.177757263183594e-05, 5.233287811279297e-05, 3.8504600524902344e-05, 3.4689903259277344e-05, 6.330013275146484e-05, 3.3020973205566406e-05, 6.67572021484375e-06, 1.1920928955078125e-07, 1.1920928955078125e-07, 4.0650367736816406e-05, 5.435943603515625e-05, 2.181529998779297e-05, 5.9604644775390625e-05, 3.743171691894531e-05, 2.2649765014648438e-06, 6.508827209472656e-05, 5.137920379638672e-05, 2.7418136596679688e-05, 3.0994415283203125e-06, 4.76837158203125e-07, 2.6941299438476562e-05, 2.8252601623535156e-05, 1.7881393432617188e-05, 5.245208740234375e-06, 8.58306884765625e-06, 6.794929504394531e-06, 5.0067901611328125e-06, 1.0728836059570312e-06, 2.86102294921875e-06, 1.1920928955078125e-05, 1.1563301086425781e-05]
11:[2.193450927734375e-05, 3.0517578125e-05, 2.5510787963867188e-05, 4.76837158203125e-06, 4.00543212890625e-05, 0.000194549560546875, 9.107589721679688e-05, 1.7404556274414062e-05, 2.193450927734375e-05, 0.0002231597900390625, 0.00022459030151367188, 5.412101745605469e-05, 4.76837158203125e-07, 9.059906005859375e-06, 0.00012993812561035156, 0.00017189979553222656, 5.316734313964844e-05, 2.384185791015625e-07, 9.059906005859375e-06, 5.1021575927734375e-05, 0.0001246929168701172, 2.5510787963867188e-05, 2.384185791015625e-07, 9.5367431640625e-07, 1.239776611328125e-05, 9.012222290039062e-05, 2.5510787963867188e-05, 2.384185791015625e-07, 7.152557373046875e-07, 4.935264587402344e-05, 4.76837158203125e-07, 1.6689300537109375e-06, 2.384185791015625e-07, 2.1457672119140625e-06, 3.0994415283203125e-06, 2.1457672119140625e-06, 8.106231689453125e-06, 2.384185791015625e-07, 7.152557373046875e-07]
12:[2.384185791015625e-07, 2.384185791015625e-07, 1.1920928955078125e-07, 2.384185791015625e-07, 1.1920928955078125e-07, 1.1920928955078125e-07, 1.1920928955078125e-07, 2.384185791015625e-07, 2.384185791015625e-07, 1.1920928955078125e-07, 1.1920928955078125e-07, 1.3113021850585938e-06, 3.5762786865234375e-07, 2.384185791015625e-07, 2.384185791015625e-07, 1.1920928955078125e-07, 1.0728836059570312e-06, 9.5367431640625e-07, 8.344650268554688e-07, 2.193450927734375e-05, 2.0623207092285156e-05, 2.9802322387695312e-06, 5.602836608886719e-06, 2.86102294921875e-06, 1.1920928955078125e-07, 1.430511474609375e-05, 2.4557113647460938e-05, 8.022785186767578e-05, 7.510185241699219e-05, 3.898143768310547e-05, 1.9073486328125e-06, 2.2649765014648438e-06, 1.1920928955078125e-07, 2.86102294921875e-06, 2.5510787963867188e-05, 0.00013327598571777344, 0.0001919269561767578, 0.00017690658569335938, 8.440017700195312e-05, 1.800060272216797e-05, 2.5391578674316406e-05, 0.00011467933654785156, 0.00025022029876708984, 0.00025153160095214844, 0.00013256072998046875, 5.364418029785156e-05, 9.059906005859375e-06, 1.704692840576172e-05, 6.0677528381347656e-05, 0.00023102760314941406, 0.0002636909484863281, 0.00019609928131103516, 8.785724639892578e-05, 1.5974044799804688e-05, 2.384185791015625e-06, 1.704692840576172e-05, 8.690357208251953e-05, 0.0002772808074951172, 0.0002646446228027344, 0.00015878677368164062, 5.435943603515625e-05, 9.298324584960938e-06, 6.258487701416016e-05, 0.0002262592315673828, 0.00025475025177001953, 0.0001634359359741211, 7.390975952148438e-05, 2.9802322387695312e-05, 1.1920928955078125e-07, 4.5299530029296875e-06, 9.703636169433594e-05, 0.00019037723541259766, 0.00015294551849365234, 8.71419906616211e-05, 3.337860107421875e-05, 2.6226043701171875e-06, 1.0728836059570312e-06, 1.0609626770019531e-05, 4.494190216064453e-05, 2.9921531677246094e-05, 8.702278137207031e-06, 4.76837158203125e-07, 1.6689300537109375e-06, 8.225440979003906e-06, 8.225440979003906e-06, 1.1920928955078125e-07, 2.384185791015625e-07, 1.1920928955078125e-07, 1.1920928955078125e-07, 1.1920928955078125e-07, 1.1920928955078125e-07, 1.1920928955078125e-07, 1.1920928955078125e-07, 1.1920928955078125e-07, 1.1920928955078125e-07, 1.1920928955078125e-07, 1.1920928955078125e-07, 1.1920928955078125e-07, 2.384185791015625e-07, 2.384185791015625e-07, 3.5762786865234375e-07, 1.1920928955078125e-07]
13:[4.76837158203125e-07, 4.76837158203125e-07, 3.5762786865234375e-07, 3.5762786865234375e-07, 1.1920928955078125e-07, 3.5762786865234375e-07, 3.5762786865234375e-07, 2.384185791015625e-07, 2.384185791015625e-07, 1.1920928955078125e-07, 1.1920928955078125e-07, 1.1920928955078125e-07, 1.1920928955078125e-07, 4.887580871582031e-06, 2.384185791015625e-06, 2.384185791015625e-06, 2.181529998779297e-05, 2.968311309814453e-05, 2.205371856689453e-05, 1.1920928955078125e-07, 7.152557373046875e-07, 3.814697265625e-06, 3.075599670410156e-05, 6.866455078125e-05, 7.033348083496094e-05, 6.67572021484375e-05, 8.58306884765625e-06, 4.410743713378906e-06, 5.4836273193359375e-06, 2.4437904357910156e-05, 6.639957427978516e-05, 9.85860824584961e-05, 9.560585021972656e-05, 7.104873657226562e-05, 8.58306884765625e-06, 2.384185791015625e-07, 3.4570693969726562e-06, 3.0159950256347656e-05, 6.4849853515625e-05, 4.57763671875e-05, 2.181529998779297e-05, 1.2040138244628906e-05, 8.58306884765625e-06, 2.384185791015625e-07, 2.0384788513183594e-05, 2.0503997802734375e-05, 7.3909759521484375e-06, 3.337860107421875e-06, 1.1920928955078125e-07, 9.894371032714844e-06, 4.649162292480469e-06, 1.3232231140136719e-05, 4.649162292480469e-06, 1.1920928955078125e-07, 1.1920928955078125e-07, 1.1920928955078125e-07, 1.1920928955078125e-07, 1.1920928955078125e-07, 2.384185791015625e-07, 1.1920928955078125e-07, 1.1920928955078125e-07, 3.933906555175781e-06, 4.291534423828125e-06, 3.5762786865234375e-06, 5.960464477539062e-07, 5.960464477539062e-07, 1.1920928955078125e-07, 1.9311904907226562e-05, 2.181529998779297e-05, 1.1920928955078125e-05, 4.76837158203125e-07, 5.0067901611328125e-06, 1.9431114196777344e-05, 2.956390380859375e-05, 2.181529998779297e-05, 5.7220458984375e-06, 1.9073486328125e-06, 4.76837158203125e-07, 2.586841583251953e-05, 3.0994415283203125e-05, 4.4226646423339844e-05, 2.5391578674316406e-05, 6.318092346191406e-06, 9.5367431640625e-06, 1.3709068298339844e-05, 1.0132789611816406e-05, 4.5299530029296875e-06, 1.5497207641601562e-06, 2.384185791015625e-07, 1.1920928955078125e-07, 1.1920928955078125e-07, 4.649162292480469e-06, 1.3947486877441406e-05, 1.5497207641601562e-06, 1.5497207641601562e-06, 3.2186508178710938e-06, 2.5033950805664062e-06, 1.7881393432617188e-06, 2.384185791015625e-07]
14:[1.1682510375976562e-05, 3.910064697265625e-05, 4.267692565917969e-05, 3.981590270996094e-05, 3.981590270996094e-05, 2.9802322387695312e-05, 2.9802322387695312e-05, 2.2411346435546875e-05, 1.4066696166992188e-05, 4.76837158203125e-07, 2.384185791015625e-07, 2.384185791015625e-07, 2.384185791015625e-07, 1.7642974853515625e-05, 5.030632019042969e-05, 0.00011348724365234375, 0.0001201629638671875, 0.00010633468627929688, 7.843971252441406e-05, 6.389617919921875e-05, 0.00010156631469726562, 0.0001010894775390625, 5.5789947509765625e-05, 9.059906005859375e-06, 6.198883056640625e-06, 2.384185791015625e-07, 2.384185791015625e-07, 7.152557373046875e-07, 1.8835067749023438e-05, 8.916854858398438e-05, 0.00011992454528808594, 2.1696090698242188e-05, 4.0531158447265625e-06, 1.1920928955078125e-06, 4.6253204345703125e-05, 0.00016188621520996094, 0.00021004676818847656, 5.3882598876953125e-05, 6.67572021484375e-06, 2.384185791015625e-07, 1.430511474609375e-06, 1.9073486328125e-06, 3.0994415283203125e-06, 1.0728836059570312e-05, 1.7642974853515625e-05, 2.002716064453125e-05, 1.5497207641601562e-05, 4.76837158203125e-07, 4.76837158203125e-07, 2.4080276489257812e-05, 4.4345855712890625e-05, 0.00010037422180175781, 0.00014209747314453125, 2.0503997802734375e-05, 4.0531158447265625e-06, 2.384185791015625e-07, 2.384185791015625e-07, 2.1457672119140625e-06, 2.0265579223632812e-05, 5.555152893066406e-05, 0.00020551681518554688, 4.291534423828125e-05, 4.0531158447265625e-06, 1.6689300537109375e-06, 1.6689300537109375e-06, 1.52587890625e-05, 5.435943603515625e-05, 0.000118255615234375, 0.00010848045349121094, 1.9073486328125e-06, 2.1457672119140625e-06, 2.384185791015625e-07, 2.3365020751953125e-05, 0.0001773834228515625, 3.695487976074219e-05, 1.1920928955078125e-06, 2.1457672119140625e-06, 1.6689300537109375e-06, 4.553794860839844e-05, 0.00014543533325195312, 0.00021839141845703125, 0.00010848045349121094, 1.9073486328125e-06, 2.86102294921875e-06, 2.384185791015625e-07, 9.059906005859375e-06, 0.00011467933654785156, 1.4543533325195312e-05, 1.1920928955078125e-06, 0.00011038780212402344, 0.00017380714416503906, 8.726119995117188e-05, 1.4543533325195312e-05, 2.6226043701171875e-06, 5.245208740234375e-06, 9.059906005859375e-06, 7.915496826171875e-05, 1.0967254638671875e-05, 0.0001285076141357422, 0.0001385211944580078, 5.340576171875e-05, 4.291534423828125e-06, 2.384185791015625e-06, 2.193450927734375e-05, 2.6226043701171875e-06, 7.152557373046875e-07, 6.9141387939453125e-06, 9.846687316894531e-05, 8.249282836914062e-05, 2.7418136596679688e-05, 3.337860107421875e-06, 3.5762786865234375e-06, 1.52587890625e-05, 1.52587890625e-05, 7.62939453125e-06, 7.152557373046875e-07, 2.86102294921875e-06, 3.6716461181640625e-05, 2.7179718017578125e-05, 2.2172927856445312e-05, 8.821487426757812e-06, 3.075599670410156e-05, 5.221366882324219e-05, 3.8623809814453125e-05, 2.384185791015625e-07, 7.3909759521484375e-06, 5.4836273193359375e-06, 1.2874603271484375e-05, 5.0067901611328125e-06, 2.384185791015625e-06, 6.4373016357421875e-06, 3.0994415283203125e-06, 1.1920928955078125e-05, 3.814697265625e-05, 5.698204040527344e-05, 3.838539123535156e-05, 2.384185791015625e-07, 4.5299530029296875e-06, 4.5299530029296875e-06, 4.76837158203125e-07, 1.7642974853515625e-05, 2.3365020751953125e-05, 2.86102294921875e-06, 9.5367431640625e-07, 2.86102294921875e-06, 1.3589859008789062e-05, 3.5762786865234375e-06, 2.384185791015625e-07, 1.4781951904296875e-05, 3.218650817871094e-05, 2.86102294921875e-05, 8.106231689453125e-06, 2.384185791015625e-07, 4.76837158203125e-07, 1.7642974853515625e-05, 3.695487976074219e-05, 6.198883056640625e-06, 2.384185791015625e-07, 5.245208740234375e-06, 1.6689300537109375e-06, 1.2636184692382812e-05, 4.76837158203125e-07, 2.0742416381835938e-05, 1.049041748046875e-05, 9.298324584960938e-06, 9.059906005859375e-06, 1.4781951904296875e-05, 4.363059997558594e-05, 1.2636184692382812e-05, 4.76837158203125e-07, 4.5299530029296875e-06, 3.0994415283203125e-06, 4.76837158203125e-07, 2.384185791015625e-07, 1.2874603271484375e-05, 3.0994415283203125e-06, 2.384185791015625e-07, 1.430511474609375e-05, 3.695487976074219e-05, 1.1920928955078125e-06, 2.384185791015625e-06, 1.6689300537109375e-06, 3.5762786865234375e-06, 1.2636184692382812e-05, 3.337860107421875e-06, 4.76837158203125e-07, 2.384185791015625e-07, 9.298324584960938e-06, 1.6689300537109375e-06, 5.0067901611328125e-06, 2.0742416381835938e-05, 2.3126602172851562e-05, 2.7179718017578125e-05, 1.430511474609375e-06, 1.9073486328125e-06, 2.86102294921875e-06, 4.76837158203125e-07, 1.1920928955078125e-06, 1.430511474609375e-06, 1.6689300537109375e-06, 1.5735626220703125e-05, 1.8358230590820312e-05, 2.09808349609375e-05, 1.1920928955078125e-06, 2.384185791015625e-07, 2.384185791015625e-07, 4.291534423828125e-06, 5.4836273193359375e-06, 1.0013580322265625e-05, 5.7220458984375e-06, 7.3909759521484375e-06, 4.76837158203125e-06, 4.76837158203125e-06, 7.152557373046875e-07, 4.76837158203125e-07, 3.5762786865234375e-06, 3.814697265625e-06, 4.291534423828125e-06, 1.1920928955078125e-05, 1.9788742065429688e-05, 1.4543533325195312e-05, 1.9550323486328125e-05, 1.2636184692382812e-05, 8.106231689453125e-06, 2.86102294921875e-06, 4.76837158203125e-06, 1.6689300537109375e-05, 1.4781951904296875e-05, 5.0067901611328125e-06, 4.0531158447265625e-06, 2.384185791015625e-07]
15:[2.384185791015625e-07, 2.384185791015625e-07, 2.384185791015625e-07, 2.384185791015625e-07, 2.384185791015625e-07, 2.6226043701171875e-06, 3.0994415283203125e-06, 1.430511474609375e-06, 5.9604644775390625e-06, 4.5299530029296875e-06, 2.6226043701171875e-06, 3.0994415283203125e-06, 1.430511474609375e-06, 3.814697265625e-06, 5.9604644775390625e-06, 7.62939453125e-06, 5.0067901611328125e-06, 1.1920928955078125e-06, 2.384185791015625e-06, 8.106231689453125e-06, 9.5367431640625e-06, 1.5497207641601562e-05, 4.5299530029296875e-06, 4.76837158203125e-07, 5.7220458984375e-06, 1.1920928955078125e-05, 1.5497207641601562e-05, 1.430511474609375e-06, 2.384185791015625e-06, 6.198883056640625e-06, 7.3909759521484375e-06, 9.5367431640625e-07, 6.67572021484375e-06, 7.867813110351562e-06, 1.430511474609375e-06, 4.5299530029296875e-06, 4.291534423828125e-06, 2.2649765014648438e-05, 2.9325485229492188e-05, 7.081031799316406e-05, 6.318092346191406e-05, 5.2928924560546875e-05, 4.673004150390625e-05, 1.7881393432617188e-05, 2.1457672119140625e-06, 6.198883056640625e-06, 4.291534423828125e-06, 9.5367431640625e-07, 3.62396240234375e-05, 6.0558319091796875e-05, 9.274482727050781e-05, 0.0001583099365234375, 0.0001373291015625, 0.0001327991485595703, 2.0742416381835938e-05, 3.0994415283203125e-06, 9.775161743164062e-06, 8.58306884765625e-06, 3.5762786865234375e-06, 1.1682510375976562e-05, 3.123283386230469e-05, 1.33514404296875e-05, 1.811981201171875e-05, 4.482269287109375e-05, 4.267692565917969e-05, 5.7220458984375e-06, 1.6927719116210938e-05, 0.00010395050048828125, 2.9325485229492188e-05, 4.291534423828125e-06, 2.6941299438476562e-05, 2.0742416381835938e-05, 1.9073486328125e-06, 2.384185791015625e-07, 7.3909759521484375e-06, 2.4318695068359375e-05, 1.0013580322265625e-05, 1.6689300537109375e-06, 1.1920928955078125e-06, 1.1205673217773438e-05, 1.33514404296875e-05, 3.0994415283203125e-06, 1.430511474609375e-06, 1.5974044799804688e-05, 3.5762786865234375e-06, 3.0994415283203125e-06, 5.5789947509765625e-05, 6.580352783203125e-05, 3.0994415283203125e-05, 4.76837158203125e-07, 2.6226043701171875e-06, 2.384185791015625e-07, 1.0967254638671875e-05, 8.106231689453125e-06, 2.1457672119140625e-06, 3.337860107421875e-06, 6.198883056640625e-06, 7.152557373046875e-06, 1.9073486328125e-06, 3.5762786865234375e-06, 2.384185791015625e-07, 5.0067901611328125e-06, 0.00011777877807617188, 0.00013446807861328125, 5.602836608886719e-05, 2.6226043701171875e-06, 2.09808349609375e-05, 2.8848648071289062e-05, 1.6927719116210938e-05, 9.5367431640625e-07, 1.0251998901367188e-05, 8.106231689453125e-06, 1.6689300537109375e-06, 4.76837158203125e-06, 5.245208740234375e-06, 1.9073486328125e-06, 8.821487426757812e-06, 3.0994415283203125e-06, 1.7881393432617188e-05, 0.00013637542724609375, 0.0001323223114013672, 5.3882598876953125e-05, 1.5020370483398438e-05, 4.100799560546875e-05, 3.123283386230469e-05, 2.6941299438476562e-05, 1.430511474609375e-05, 1.6450881958007812e-05, 6.4373016357421875e-06, 4.76837158203125e-07, 3.147125244140625e-05, 4.935264587402344e-05, 4.982948303222656e-05, 3.218650817871094e-05, 4.7206878662109375e-05, 0.0001385211944580078, 0.0001289844512939453, 4.887580871582031e-05, 1.5020370483398438e-05, 3.0279159545898438e-05, 1.9073486328125e-05, 2.6226043701171875e-05, 1.9550323486328125e-05, 3.337860107421875e-06, 6.198883056640625e-06, 5.125999450683594e-05, 0.00011396408081054688, 0.00014019012451171875, 8.606910705566406e-05, 7.748603820800781e-05, 0.00012755393981933594, 7.867813110351562e-05, 5.9604644775390625e-06, 1.1920928955078125e-06, 4.76837158203125e-06, 1.6927719116210938e-05, 1.0728836059570312e-05, 2.6226043701171875e-06, 1.049041748046875e-05, 5.459785461425781e-05, 8.821487426757812e-05, 0.0001323223114013672, 7.224082946777344e-05, 3.4809112548828125e-05, 1.1920928955078125e-05, 2.384185791015625e-07, 3.5762786865234375e-06, 4.76837158203125e-07, 1.2159347534179688e-05, 1.4781951904296875e-05, 1.9311904907226562e-05, 9.298324584960938e-06, 8.58306884765625e-06, 2.384185791015625e-07, 7.152557373046875e-07, 4.76837158203125e-07, 9.5367431640625e-07, 7.152557373046875e-07, 7.152557373046875e-07, 7.152557373046875e-07, 7.152557373046875e-07, 7.152557373046875e-07, 9.5367431640625e-07, 2.384185791015625e-07, 2.384185791015625e-07, 1.1920928955078125e-06, 2.384185791015625e-07, 2.384185791015625e-07]
16:[2.384185791015625e-07, 2.384185791015625e-07, 2.384185791015625e-07, 4.0531158447265625e-06, 4.0531158447265625e-06, 3.3855438232421875e-05, 3.409385681152344e-05, 5.4836273193359375e-06, 5.9604644775390625e-06, 2.384185791015625e-07, 3.0994415283203125e-06, 3.0994415283203125e-06, 1.71661376953125e-05, 6.628036499023438e-05, 0.000118255615234375, 9.584426879882812e-05, 4.315376281738281e-05, 1.430511474609375e-05, 2.384185791015625e-07, 5.245208740234375e-06, 5.316734313964844e-05, 5.745887756347656e-05, 1.8596649169921875e-05, 1.6450881958007812e-05, 2.3603439331054688e-05, 8.344650268554688e-05, 0.00013399124145507812, 0.00014781951904296875, 0.00014853477478027344, 9.441375732421875e-05, 3.933906555175781e-05, 3.814697265625e-06, 4.76837158203125e-06, 2.4080276489257812e-05, 6.580352783203125e-05, 0.00020003318786621094, 0.0002486705780029297, 0.0003139972686767578, 0.00027561187744140625, 0.0002601146697998047, 0.00018835067749023438, 1.0967254638671875e-05, 4.649162292480469e-05, 9.894371032714844e-05, 0.00014972686767578125, 0.00013780593872070312, 0.00012969970703125, 7.772445678710938e-05, 3.0279159545898438e-05, 2.9087066650390625e-05, 6.198883056640625e-06, 2.1457672119140625e-06, 4.5299530029296875e-06, 9.822845458984375e-05, 0.0003285408020019531, 0.0004999637603759766, 0.0005443096160888672, 0.0006122589111328125, 0.0006248950958251953, 0.0006418228149414062, 0.0004794597625732422, 8.463859558105469e-05, 4.887580871582031e-05, 1.5497207641601562e-05, 6.747245788574219e-05, 0.0001220703125, 0.00011372566223144531, 8.153915405273438e-05, 5.91278076171875e-05, 7.3909759521484375e-06, 5.7220458984375e-06, 4.5299530029296875e-06, 6.4373016357421875e-06, 1.4781951904296875e-05, 6.0558319091796875e-05, 0.0003147125244140625, 0.0006060600280761719, 0.0007112026214599609, 0.000698089599609375, 0.0006537437438964844, 0.0005855560302734375, 0.0005247592926025391, 0.0006051063537597656, 0.0003724098205566406, 4.887580871582031e-05, 1.5497207641601562e-05, 4.57763671875e-05, 8.58306884765625e-05, 7.152557373046875e-06, 2.574920654296875e-05, 0.00015115737915039062, 0.0003991127014160156, 0.000675201416015625, 0.0007517337799072266, 0.0007317066192626953, 0.0006511211395263672, 0.0005385875701904297, 0.0003838539123535156, 0.0004127025604248047, 0.0004596710205078125, 7.748603820800781e-05, 8.821487426757812e-06, 3.337860107421875e-06, 3.337860107421875e-06, 8.344650268554688e-06, 5.269050598144531e-05, 0.0001850128173828125, 0.0003688335418701172, 0.00040340423583984375, 0.0004436969757080078, 0.00031685829162597656, 0.00023174285888671875, 0.00023245811462402344, 0.0001461505889892578, 0.0001678466796875, 0.00027942657470703125, 6.198883056640625e-05, 1.4781951904296875e-05, 4.76837158203125e-06, 1.9788742065429688e-05, 8.058547973632812e-05, 0.00018310546875, 0.0002887248992919922, 0.00022673606872558594, 0.0001373291015625, 9.775161743164062e-06, 1.2874603271484375e-05, 8.726119995117188e-05, 5.221366882324219e-05, 4.0531158447265625e-06, 4.76837158203125e-06, 2.6702880859375e-05, 7.843971252441406e-05, 9.489059448242188e-05, 0.00016236305236816406, 5.412101745605469e-05, 2.384185791015625e-07, 9.298324584960938e-06, 2.384185791015625e-06, 4.76837158203125e-07, 2.4318695068359375e-05, 4.100799560546875e-05, 2.384185791015625e-06, 4.76837158203125e-07, 5.4836273193359375e-06, 4.0531158447265625e-06, 4.291534423828125e-06, 6.9141387939453125e-06, 4.0531158447265625e-06, 7.3909759521484375e-06, 6.4373016357421875e-06, 2.09808349609375e-05, 1.1920928955078125e-06, 2.384185791015625e-07, 3.337860107421875e-06, 6.4373016357421875e-06, 2.09808349609375e-05, 1.1920928955078125e-06, 2.384185791015625e-07]
17:[2.384185791015625e-07, 7.152557373046875e-07, 7.152557373046875e-07, 2.384185791015625e-07, 2.384185791015625e-07, 2.384185791015625e-07, 2.384185791015625e-07, 1.430511474609375e-06, 9.5367431640625e-07, 1.1920928955078125e-06, 7.152557373046875e-07, 4.76837158203125e-07, 1.430511474609375e-06, 1.1920928955078125e-06, 1.6689300537109375e-06, 1.6689300537109375e-06, 1.430511474609375e-06, 7.152557373046875e-07, 4.76837158203125e-07, 4.76837158203125e-07, 4.76837158203125e-07, 2.1457672119140625e-06, 1.6689300537109375e-06, 1.9073486328125e-06, 1.430511474609375e-06, 9.5367431640625e-07, 7.152557373046875e-07, 9.5367431640625e-07, 7.152557373046875e-07, 3.337860107421875e-06, 2.86102294921875e-06, 1.430511474609375e-06, 1.1920928955078125e-06, 1.430511474609375e-06, 4.76837158203125e-07, 2.384185791015625e-07, 2.384185791015625e-07, 2.384185791015625e-07, 4.76837158203125e-07, 4.76837158203125e-07, 4.76837158203125e-07, 4.76837158203125e-07, 6.9141387939453125e-06, 3.5762786865234375e-06, 5.245208740234375e-06, 1.4543533325195312e-05, 7.867813110351562e-06, 7.867813110351562e-06, 8.821487426757812e-06, 2.1457672119140625e-06, 5.245208740234375e-06, 2.384185791015625e-05, 1.1444091796875e-05, 1.1920928955078125e-05, 4.291534423828125e-06, 9.5367431640625e-07, 6.198883056640625e-06, 6.437301635742188e-05, 0.00011444091796875, 2.574920654296875e-05, 2.1457672119140625e-06, 4.76837158203125e-07, 2.1457672119140625e-06, 1.0967254638671875e-05, 7.152557373046875e-07, 2.384185791015625e-07, 9.5367431640625e-07, 9.5367431640625e-07, 5.5789947509765625e-05, 0.0002079010009765625, 0.00016164779663085938, 8.130073547363281e-05, 2.6941299438476562e-05, 2.1457672119140625e-06, 2.384185791015625e-07, 2.384185791015625e-07, 1.7404556274414062e-05, 0.00019216537475585938, 0.00030231475830078125, 0.00020503997802734375, 7.700920104980469e-05, 1.430511474609375e-05, 2.384185791015625e-07, 1.1920928955078125e-06, 1.430511474609375e-06, 9.5367431640625e-07, 2.384185791015625e-07, 1.3113021850585938e-05, 8.0108642578125e-05, 0.00031685829162597656, 0.00031447410583496094, 0.0002167224884033203, 6.365776062011719e-05, 1.6689300537109375e-06, 2.384185791015625e-07, 7.62939453125e-06, 1.6450881958007812e-05, 1.4781951904296875e-05, 1.6689300537109375e-06, 6.9141387939453125e-06, 1.0251998901367188e-05, 6.747245788574219e-05, 0.000209808349609375, 0.00029587745666503906, 8.249282836914062e-05, 1.3828277587890625e-05, 2.6226043701171875e-06, 1.0013580322265625e-05, 7.152557373046875e-06, 4.5299530029296875e-06, 7.152557373046875e-07, 1.9073486328125e-06, 7.62939453125e-06, 6.127357482910156e-05, 0.00026226043701171875, 0.0003464221954345703, 0.000102996826171875, 1.3828277587890625e-05, 2.384185791015625e-06, 2.6226043701171875e-06, 2.86102294921875e-06, 1.33514404296875e-05, 1.33514404296875e-05, 3.981590270996094e-05, 4.1961669921875e-05, 0.00010418891906738281, 0.00017189979553222656, 0.0003070831298828125, 0.0002906322479248047, 8.463859558105469e-05, 1.9073486328125e-06, 1.430511474609375e-06, 2.0742416381835938e-05, 8.940696716308594e-05, 0.00012111663818359375, 0.000156402587890625, 0.000247955322265625, 0.00027251243591308594, 0.00026488304138183594, 9.751319885253906e-05, 1.7642974853515625e-05, 2.384185791015625e-07, 3.7670135498046875e-05, 0.00013399124145507812, 0.0002181529998779297, 0.0002751350402832031, 0.0003254413604736328, 0.00022864341735839844, 0.00011324882507324219, 2.7418136596679688e-05, 2.384185791015625e-07, 2.384185791015625e-07, 2.384185791015625e-07, 5.793571472167969e-05, 0.00010514259338378906, 0.00016808509826660156, 0.0001533031463623047, 8.058547973632812e-05, 2.8133392333984375e-05, 2.384185791015625e-07, 2.384185791015625e-07, 4.673004150390625e-05, 5.14984130859375e-05, 3.743171691894531e-05, 1.9788742065429688e-05, 1.1920928955078125e-06, 2.384185791015625e-07, 2.384185791015625e-07]
18:[7.152557373046875e-07, 1.430511474609375e-06, 1.430511474609375e-06, 1.430511474609375e-06, 1.430511474609375e-06, 2.1457672119140625e-06, 2.384185791015625e-07, 2.1457672119140625e-06, 2.86102294921875e-06, 3.0994415283203125e-06, 3.0994415283203125e-06, 3.0994415283203125e-06, 4.5299530029296875e-06, 7.152557373046875e-07, 2.1457672119140625e-06, 3.0994415283203125e-06, 3.814697265625e-06, 4.0531158447265625e-06, 3.5762786865234375e-06, 2.384185791015625e-06, 2.384185791015625e-07, 1.1920928955078125e-06, 3.337860107421875e-06, 3.814697265625e-06, 2.384185791015625e-06, 1.430511474609375e-06, 7.152557373046875e-07, 2.384185791015625e-07, 1.1920928955078125e-06, 3.0994415283203125e-06, 2.86102294921875e-06, 1.430511474609375e-06, 7.152557373046875e-07, 2.384185791015625e-07, 1.1920928955078125e-06, 1.6689300537109375e-06, 1.6689300537109375e-06, 1.1920928955078125e-06, 4.76837158203125e-07, 2.384185791015625e-07, 4.76837158203125e-07, 7.152557373046875e-07, 7.152557373046875e-07, 2.384185791015625e-07, 2.384185791015625e-07, 2.384185791015625e-07, 2.384185791015625e-07, 2.384185791015625e-07, 2.384185791015625e-07, 2.384185791015625e-07, 2.384185791015625e-07, 2.384185791015625e-07, 1.1920928955078125e-06, 1.1920928955078125e-06, 3.337860107421875e-06, 3.8623809814453125e-05, 2.9087066650390625e-05, 1.1920928955078125e-06, 1.8596649169921875e-05, 7.867813110351562e-06, 1.1920928955078125e-06, 8.821487426757812e-06, 1.1682510375976562e-05, 2.384185791015625e-07, 4.76837158203125e-07, 2.0742416381835938e-05, 5.173683166503906e-05, 8.559226989746094e-05, 5.2928924560546875e-05, 3.528594970703125e-05, 1.1920928955078125e-06, 3.814697265625e-06, 1.0967254638671875e-05, 2.384185791015625e-07, 2.384185791015625e-07, 7.867813110351562e-06, 3.719329833984375e-05, 0.00010633468627929688, 0.00017952919006347656, 0.00013566017150878906, 6.747245788574219e-05, 3.314018249511719e-05, 2.9325485229492188e-05, 4.482269287109375e-05, 5.7220458984375e-06, 2.2649765014648438e-05, 3.981590270996094e-05, 0.00013446807861328125, 0.000240325927734375, 0.0002903938293457031, 0.00019478797912597656, 0.00011563301086425781, 9.489059448242188e-05, 5.936622619628906e-05, 2.384185791015625e-07, 7.3909759521484375e-06, 8.344650268554688e-06, 2.9802322387695312e-05, 0.000102996826171875, 0.00019049644470214844, 0.00014328956604003906, 0.00014472007751464844, 0.00015807151794433594, 0.00020432472229003906, 0.00015592575073242188, 2.193450927734375e-05, 8.487701416015625e-05, 7.963180541992188e-05, 8.058547973632812e-05, 9.274482727050781e-05, 0.00012993812561035156, 0.00016808509826660156, 4.2438507080078125e-05, 3.5762786865234375e-06, 2.6226043701171875e-06, 1.4543533325195312e-05, 2.574920654296875e-05, 0.00010228157043457031, 6.341934204101562e-05, 3.5762786865234375e-06, 2.384185791015625e-07, 2.7179718017578125e-05, 1.9073486328125e-06, 2.384185791015625e-06, 4.291534423828125e-06, 4.5299530029296875e-06, 5.7220458984375e-06, 6.4373016357421875e-06, 1.0967254638671875e-05, 3.647804260253906e-05, 3.266334533691406e-05, 2.8848648071289062e-05, 3.2901763916015625e-05, 3.147125244140625e-05, 1.8835067749023438e-05, 1.9073486328125e-06, 6.389617919921875e-05, 6.246566772460938e-05, 2.384185791015625e-05, 4.5299530029296875e-05, 4.553794860839844e-05, 3.409385681152344e-05, 6.9141387939453125e-06, 2.0265579223632812e-05, 4.410743713378906e-05, 2.384185791015625e-07, 4.1961669921875e-05, 9.703636169433594e-05, 9.512901306152344e-05, 2.09808349609375e-05, 1.1920928955078125e-06, 7.152557373046875e-07, 9.5367431640625e-07, 2.384185791015625e-07, 2.384185791015625e-07, 4.363059997558594e-05, 4.0531158447265625e-05, 4.100799560546875e-05, 1.1682510375976562e-05, 7.462501525878906e-05, 0.00010967254638671875, 3.0279159545898438e-05, 8.440017700195312e-05, 0.000118255615234375, 7.82012939453125e-05, 3.814697265625e-06, 1.6689300537109375e-06, 2.6226043701171875e-06, 2.6226043701171875e-06, 1.430511474609375e-06, 4.76837158203125e-07, 6.67572021484375e-06, 5.245208740234375e-06, 4.649162292480469e-05, 0.000179290771484375, 0.00017023086547851562, 5.4836273193359375e-05, 9.059906005859375e-06, 2.384185791015625e-07, 5.4836273193359375e-06, 6.4373016357421875e-06, 3.5762786865234375e-06, 1.5020370483398438e-05, 1.5974044799804688e-05, 4.0531158447265625e-06, 2.384185791015625e-07, 6.4373016357421875e-06, 6.937980651855469e-05, 0.00019311904907226562, 0.00015997886657714844, 2.9802322387695312e-05, 7.152557373046875e-07, 2.384185791015625e-07, 1.049041748046875e-05, 2.2172927856445312e-05, 1.5735626220703125e-05, 9.775161743164062e-06, 5.555152893066406e-05, 2.4557113647460938e-05, 1.0728836059570312e-05, 4.76837158203125e-07, 1.430511474609375e-05, 7.653236389160156e-05, 0.00019741058349609375, 0.00011324882507324219, 1.0967254638671875e-05, 2.384185791015625e-07, 2.384185791015625e-07, 1.1920928955078125e-05, 1.4543533325195312e-05, 4.744529724121094e-05, 0.00013446807861328125, 5.3882598876953125e-05, 1.1205673217773438e-05, 7.152557373046875e-07, 1.430511474609375e-05, 7.462501525878906e-05, 0.00019931793212890625, 7.128715515136719e-05, 1.1205673217773438e-05, 2.384185791015625e-06, 7.3909759521484375e-06, 1.049041748046875e-05, 1.1682510375976562e-05, 7.557868957519531e-05, 5.245208740234375e-05, 2.5987625122070312e-05, 7.152557373046875e-07, 2.384185791015625e-07, 6.175041198730469e-05, 8.821487426757812e-06, 3.5762786865234375e-06, 4.839897155761719e-05, 4.7206878662109375e-05, 1.2159347534179688e-05, 4.0531158447265625e-06, 6.67572021484375e-06, 6.4373016357421875e-06, 4.76837158203125e-07, 7.867813110351562e-06, 1.621246337890625e-05, 1.049041748046875e-05, 1.1682510375976562e-05, 1.1682510375976562e-05, 2.384185791015625e-07, 7.3909759521484375e-06, 1.5020370483398438e-05, 2.384185791015625e-07, 9.5367431640625e-07, 7.3909759521484375e-06]
19:[2.384185791015625e-07, 2.384185791015625e-07, 4.76837158203125e-07, 9.5367431640625e-07, 4.76837158203125e-07, 2.384185791015625e-07, 7.152557373046875e-07, 9.5367431640625e-07, 7.152557373046875e-07, 4.76837158203125e-07, 4.76837158203125e-07, 9.5367431640625e-07, 9.5367431640625e-07, 4.76837158203125e-07, 1.2636184692382812e-05, 1.9311904907226562e-05, 1.1205673217773438e-05, 2.86102294921875e-06, 2.384185791015625e-06, 2.384185791015625e-07, 2.384185791015625e-07, 7.152557373046875e-07, 9.5367431640625e-07, 9.5367431640625e-07, 1.7881393432617188e-05, 2.8848648071289062e-05, 1.5020370483398438e-05, 4.291534423828125e-06, 3.337860107421875e-06, 1.430511474609375e-06, 2.384185791015625e-07, 2.384185791015625e-07, 2.384185791015625e-07, 4.76837158203125e-07, 4.76837158203125e-07, 1.049041748046875e-05, 1.9073486328125e-06, 5.245208740234375e-06, 2.384185791015625e-07, 4.76837158203125e-06, 1.7404556274414062e-05, 3.0517578125e-05, 1.0251998901367188e-05, 4.76837158203125e-07, 2.384185791015625e-07, 3.0994415283203125e-06, 1.9073486328125e-05, 6.961822509765625e-05, 6.008148193359375e-05, 1.0251998901367188e-05, 2.384185791015625e-07, 3.0994415283203125e-06, 6.413459777832031e-05, 0.00013828277587890625, 3.62396240234375e-05, 1.0251998901367188e-05, 2.384185791015625e-07, 2.384185791015625e-07, 3.147125244140625e-05, 0.00011730194091796875, 0.00017452239990234375, 2.6702880859375e-05, 5.245208740234375e-06, 2.384185791015625e-07, 1.1682510375976562e-05, 2.2411346435546875e-05, 2.8133392333984375e-05, 3.719329833984375e-05, 0.000141143798828125, 0.00020432472229003906, 4.935264587402344e-05, 5.245208740234375e-06, 2.384185791015625e-06, 1.7642974853515625e-05, 3.6716461181640625e-05, 3.337860107421875e-05, 2.384185791015625e-07, 1.6689300537109375e-06, 3.9577484130859375e-05, 0.0001862049102783203, 0.0002765655517578125, 0.00011658668518066406, 5.245208740234375e-06, 5.7220458984375e-06, 4.220008850097656e-05, 7.796287536621094e-05, 2.4080276489257812e-05, 1.6689300537109375e-06, 4.291534423828125e-05, 0.00020170211791992188, 0.0002841949462890625, 0.00016427040100097656, 3.314018249511719e-05, 5.245208740234375e-06, 3.0994415283203125e-05, 4.38690185546875e-05, 3.337860107421875e-06, 4.76837158203125e-07, 3.409385681152344e-05, 0.0001506805419921875, 0.0002415180206298828, 0.0001800060272216797, 5.316734313964844e-05, 1.8358230590820312e-05, 2.384185791015625e-06, 2.8133392333984375e-05, 2.7179718017578125e-05, 3.814697265625e-06, 3.361701965332031e-05, 7.867813110351562e-05, 0.0001571178436279297, 0.0001773834228515625, 9.655952453613281e-05, 2.193450927734375e-05, 4.76837158203125e-06, 3.337860107421875e-06, 2.6226043701171875e-06, 2.0503997802734375e-05, 9.179115295410156e-05, 0.00018024444580078125, 0.0001628398895263672, 0.00011205673217773438, 5.3882598876953125e-05, 1.1920928955078125e-06, 9.5367431640625e-07, 6.198883056640625e-06, 3.981590270996094e-05, 0.00016689300537109375, 0.00022745132446289062, 0.00018787384033203125, 0.0001068115234375, 5.2928924560546875e-05, 2.384185791015625e-07, 2.384185791015625e-07, 1.430511474609375e-06, 1.52587890625e-05, 0.0001494884490966797, 0.00024247169494628906, 0.0003046989440917969, 0.00021600723266601562, 7.367134094238281e-05, 2.384185791015625e-07, 2.384185791015625e-07, 5.4836273193359375e-06, 3.24249267578125e-05, 0.0001232624053955078, 0.00023126602172851562, 0.0003211498260498047, 0.00025463104248046875, 9.489059448242188e-05, 2.384185791015625e-07, 2.384185791015625e-07, 2.384185791015625e-07, 1.430511474609375e-06, 2.2649765014648438e-05, 0.00010251998901367188, 0.00019693374633789062, 0.00022864341735839844, 0.000244140625, 8.440017700195312e-05, 7.62939453125e-06, 1.6689300537109375e-06, 2.86102294921875e-06, 2.384185791015625e-07, 2.384185791015625e-07, 2.6226043701171875e-06, 7.2479248046875e-05, 0.0001544952392578125, 5.5789947509765625e-05, 0.00010633468627929688, 0.00012564659118652344, 6.103515625e-05, 2.1696090698242188e-05, 1.3828277587890625e-05, 6.67572021484375e-06, 1.1920928955078125e-06, 1.430511474609375e-06, 2.4080276489257812e-05, 8.130073547363281e-05, 3.314018249511719e-05, 6.532669067382812e-05, 0.00010371208190917969, 9.059906005859375e-05, 7.700920104980469e-05, 6.079673767089844e-05, 2.3603439331054688e-05, 1.1920928955078125e-06, 1.1920928955078125e-06, 8.58306884765625e-06, 2.574920654296875e-05, 1.8596649169921875e-05, 1.7881393432617188e-05, 6.437301635742188e-05, 8.869171142578125e-05, 8.0108642578125e-05, 8.320808410644531e-05, 4.172325134277344e-05, 1.1920928955078125e-06, 4.76837158203125e-06, 2.002716064453125e-05, 1.9073486328125e-05, 4.935264587402344e-05, 6.651878356933594e-05, 4.839897155761719e-05, 6.222724914550781e-05, 2.5987625122070312e-05, 2.384185791015625e-07, 7.152557373046875e-07, 7.152557373046875e-07, 1.049041748046875e-05, 3.600120544433594e-05, 3.790855407714844e-05, 9.298324584960938e-06, 2.193450927734375e-05, 5.4836273193359375e-06, 2.384185791015625e-07, 1.2159347534179688e-05, 3.933906555175781e-05, 4.506111145019531e-05, 5.412101745605469e-05, 3.7670135498046875e-05, 1.2874603271484375e-05, 4.76837158203125e-07, 8.58306884765625e-06, 6.890296936035156e-05, 7.748603820800781e-05, 5.125999450683594e-05, 2.9325485229492188e-05, 7.104873657226562e-05, 0.00010323524475097656, 7.486343383789062e-05, 2.765655517578125e-05, 3.2901763916015625e-05, 7.390975952148438e-05, 8.511543273925781e-05, 5.698204040527344e-05, 4.5299530029296875e-06, 4.124641418457031e-05, 6.318092346191406e-05, 4.124641418457031e-05, 9.5367431640625e-06, 3.123283386230469e-05, 2.6226043701171875e-05, 2.1457672119140625e-06, 2.86102294921875e-06, 2.384185791015625e-07]
20:[2.384185791015625e-07, 2.384185791015625e-07, 4.76837158203125e-07, 2.384185791015625e-07, 2.384185791015625e-07, 2.384185791015625e-07, 9.5367431640625e-07, 2.384185791015625e-07, 2.384185791015625e-07, 2.384185791015625e-07, 1.5020370483398438e-05, 1.0251998901367188e-05, 2.384185791015625e-07, 2.1457672119140625e-06, 4.291534423828125e-06, 3.5762786865234375e-05, 1.1682510375976562e-05, 1.1920928955078125e-06, 2.384185791015625e-07, 2.384185791015625e-07, 2.1457672119140625e-06, 3.147125244140625e-05, 7.534027099609375e-05, 2.384185791015625e-05, 4.291534423828125e-06, 2.384185791015625e-07, 2.384185791015625e-07, 4.76837158203125e-07, 2.1457672119140625e-06, 8.654594421386719e-05, 4.696846008300781e-05, 1.1205673217773438e-05, 4.291534423828125e-06, 2.384185791015625e-07, 7.152557373046875e-07, 9.5367431640625e-07, 2.384185791015625e-07, 2.384185791015625e-06, 1.6689300537109375e-05, 0.00014209747314453125, 4.6253204345703125e-05, 6.198883056640625e-06, 2.384185791015625e-07, 2.86102294921875e-06, 4.76837158203125e-07, 6.198883056640625e-06, 4.3392181396484375e-05, 0.0001614093780517578, 4.315376281738281e-05, 5.0067901611328125e-06, 2.384185791015625e-07, 2.1457672119140625e-06, 2.384185791015625e-07, 8.344650268554688e-06, 5.340576171875e-05, 8.487701416015625e-05, 3.0994415283203125e-05, 2.384185791015625e-07, 4.76837158203125e-07, 8.344650268554688e-06, 4.7206878662109375e-05, 2.6464462280273438e-05, 8.344650268554688e-06, 4.291534423828125e-05, 2.384185791015625e-07, 7.152557373046875e-06]
21:[]
22:[1.1920928955078125e-07, 1.1920928955078125e-07, 1.1920928955078125e-07, 1.1920928955078125e-07, 1.1920928955078125e-07, 1.1920928955078125e-07, 1.1920928955078125e-07, 1.1920928955078125e-07, 1.1920928955078125e-07, 1.1920928955078125e-07, 1.1920928955078125e-07, 2.384185791015625e-07, 3.5762786865234375e-07, 1.1920928955078125e-06, 7.152557373046875e-07, 2.384185791015625e-07, 2.384185791015625e-07, 1.1920928955078125e-07, 3.5762786865234375e-07, 4.649162292480469e-06, 7.152557373046875e-07, 1.1920928955078125e-07, 3.5762786865234375e-07, 1.1920928955078125e-06, 7.152557373046875e-07]
23:[]
